y_bool
0.22941186
0.3473775
0.23154148
0.22486898
0.34242493
0.31319794
0.31473076
0.31293094
0.23427296
0.20787933
0.2722737
0.23942535
0.26852533
0.26755852
0.3202071
0.29819098
0.25926015
0.29437685
0.24177216
0.23923782
0.26547593
0.2689359
0.31876585
0.32220647
0.29448685
0.28635648
0.25803176
0.2581927
0.2414106
0.27108705
0.283677
0.31864783
0.27863887
0.234538
0.25891566
0.28256994
0.29168525
0.2798931
0.25858143
0.21981458
0.23351006
0.27664828
0.29561356
0.22520162
0.29147136
0.24459921
0.29123956
0.2820212
0.22830045
0.24649727
0.3140538
0.23764704
0.26742387
0.24252012
0.26188907
0.329932
0.26389846
0.27190697
0.3005529
0.22260112
0.25302762
0.29279754
0.2557611
0.28096724
0.25012517
0.3416137
0.21844862
0.25971767
0.26304165
0.32895276
0.27011472
0.262728
0.24181063
0.27648765
0.26025194
0.22901198
0.24611734
0.30686712
0.21080746
0.22022569
0.25409546
0.27105543
0.26205343
0.28286687
0.28041604
0.27309766
0.2778147
0.2581673
0.27033627
0.23910864
0.29178604
0.23568076
0.22546946
0.278501
0.23581295
0.2508541
0.25830767
0.2456297
0.23711479
0.25462142
0.23646103
0.22859223
0.3379405
0.24816945
0.27533913
0.329109
0.22458139
0.25328383
0.24131419
0.29159057
0.29959187
0.26360333
0.28310075
0.2787206
0.2588446
0.25680038
0.26437926
0.30068186
0.23842506
0.26477003
0.28366962
0.2681332
0.26591852
0.23186272
0.27000406
0.24283329
0.24387076
0.2789521
0.29578927
0.26260093
0.3149393
0.24560323
0.3079024
0.24893394
0.27743664
0.28036377
0.24158122
0.2557967
0.2618579
0.2612044
0.2727483
0.24835238
0.25726902
0.26524886
0.27268967
0.2518164
0.33080366
0.19913143
0.28462854
0.2689846
0.26703477
0.24624313
0.2897437
0.27055803
0.29246852
0.22085074
0.26599568
0.2800223
0.295873
0.27500692
0.2844597
0.31927267
0.23345833
0.266285
0.28429598
0.28157997
0.26381564
0.21140319
0.25617516
0.2444245
0.2503672
0.33621237
0.32385716
0.23918541
0.2956921
0.24722327
0.3474334
0.26721072
0.27467376
0.33244446
0.24344134
0.26899374
0.25880003
0.24984476
0.26612735
0.2510124
0.23547383
0.3067667
0.2343821
0.28852725
0.30915168
0.24719
0.3330937
0.26602414
0.28172165
0.2570059
0.33563587
0.25213358
0.24196777
0.23954795
0.2616151
0.32038054
0.23313268
0.25415176
0.27802873
0.29286838
0.28604293
0.22867212
0.29663578
0.25318554
0.2363159
0.26629826
0.28049752
0.21435907
0.2771657
0.2679811
0.22628789
0.2037558
0.34260264
0.3249613
0.22481364
0.26425278
0.31511265
0.23970649
0.26382542
0.31048262
0.27751628
0.35367465
0.2699962
0.23104067
0.28197336
0.3181927
0.32910547
0.21502468
0.21427134
0.32643062
0.26299295
0.25717026
0.28510463
0.28167596
0.2671883
0.24352793
0.2708482
0.27291876
0.33055854
0.3124509
0.23937212
0.296294
0.21742307
0.3005634
0.22962552
0.23170346
0.2604659
0.28161576
0.2936601
0.2858125
0.27463922
0.284882
0.2750388
0.2247032
0.24320772
0.26004833
0.23225565
0.2339918
0.34613314
0.26246536
0.3070783
0.2209045
0.25216064
0.2592464
0.2794363
0.30241832
0.22633956
0.24838835
0.2662791
0.26891145
0.21591812
0.24749029
0.2806039
0.2068122
0.2427991
0.30193812
0.34496903
0.27038464
0.22674777
0.27610105
0.26317555
0.22061226
0.23393801
0.30016875
0.2925514
0.25495738
0.22738528
0.25976667
0.3439956
0.336423
0.2606679
0.25227994
0.29139856
0.22712664
0.3067247
0.29158503
0.25341707
0.23882185
0.28883436
0.23473883
0.24924445
0.23202832
0.21866776
0.26029134
0.3047578
0.31000662
0.2204635
0.26258957
0.23317364
0.27335626
0.2545251
0.23583257
0.2824325
0.3069171
0.23477878
0.25397906
0.28814715
0.24867304
0.24295488
0.29938942
0.25940293
0.3146701
0.24209468
0.2686518
0.24196045
0.24351747
0.21646717
0.31314874
0.32976764
0.27527654
0.25084776
0.23416448
0.26170334
0.26177734
0.2859423
0.28859335
0.25177658
0.2963468
0.30739307
0.26512265
0.2717842
0.2515551
0.23351942
0.2644025
0.27129436
0.26656
0.29677972
0.24093719
0.2300912
0.27202392
0.28704265
0.3046237
0.25081807
0.24061304
0.21456079
0.27484414
0.2562422
0.32403216
0.29201934
0.26689857
0.26564908
0.22113697
0.27548316
0.28701177
0.26370817
0.3109546
0.2225178
0.2695929
0.20929882
0.21594891
0.27323067
0.28177518
0.2566065
0.26113403
0.24859442
0.2533357
0.28205323
0.1975729
0.24915008
0.27594748
0.26533398
0.2752827
0.23972641
0.2697744
0.303659
0.28722388
0.23520355
0.26737437
0.28108126
0.3532532
0.26012868
0.3037664
0.26539418
0.25971505
0.28348514
0.2718101
0.24260159
0.2854519
0.25041547
0.23230316
0.3171178
0.27535477
0.25194567
0.24407665
0.22617263
0.22385778
0.2570061
0.31163928
0.29382074
0.26473716
0.270897
0.30199528
0.26808092
0.27901238
0.29563093
0.27893284
0.27911037
0.233718
0.22823447
0.2261232
0.25754163
0.27063644
0.24660139
0.2332737
0.29476488
0.2570978
0.24985036
0.2733018
0.23603308
0.28161994
0.22717895
0.26502094
0.2614551
0.28463173
0.24455032
0.28181273
0.26103055
0.30532876
0.2716158
0.22110009
0.20030476
0.24656524
0.24820547
0.34262082
0.3236137
0.26857552
0.29124853
0.26287875
0.27986592
0.29226506
0.22738166
0.23914479
0.2283236
0.29854015
0.28417867
0.3052424
0.31195292
0.251171
0.25131017
0.26447308
0.29658517
0.2868441
0.2516437
0.25739866
0.24260104
0.23369145
0.2585306
0.32603547
0.23351729
0.25469214
0.25284177
0.26180556
0.25579304
0.2089811
0.2659245
0.24563862
0.29529116
0.25826994
0.26209307
0.23965594
0.27736983
0.2713026
0.28097296
0.2617906
0.30983338
0.26920336
0.2487074
0.2579597
0.28785205
0.3283722
0.2710309
0.27048177
0.2762824
0.25359663
0.23750284
0.263011
0.26039627
0.26207557
0.27291647
0.23751742
0.28679875
0.24589328
0.31226656
0.3092613
0.28888485
0.30956054
0.2593045
0.2677229
0.27341908
0.22725733
0.2747342
0.27007845
0.25565118
0.23927735
0.23818175
0.24693985
0.2500273
0.22910795
0.23903632
0.31709254
0.23204526
0.29753938
0.2970377
0.33236837
0.245548
0.20556176
0.25603294
0.30295599
0.26065683
0.25592342
0.31064022
0.27236813
0.29608962
0.3079699
0.26190516
0.2628977
0.24788064
0.28679848
0.224062
0.27607396
0.2721005
0.24586001
0.264885
0.25694743
0.22905128
0.27198157
0.21703328
0.28217477
0.28440186
0.2453538
0.3286837
0.2501711
0.28777847
0.2771786
0.28466278
0.29260713
0.2255725
0.29526085
0.24608897
0.24574924
0.2398508
0.31881627
0.2844825
0.2643643
0.24681064
0.24800617
0.30344346
0.2768629
0.2423528
0.25899678
0.26074356
0.22258294
0.2714791
0.29262167
0.23721126
0.25947154
0.25472295
0.27663547
0.25684142
0.27472702
0.2959337
0.2674788
0.2366873
0.23905624
0.24857756
0.31920034
0.25834066
0.27228987
0.2647674
0.22948566
0.28902817
0.24481048
0.2655674
0.2445289
0.25815323
0.25812808
0.24876729
0.28388226
0.30382606
0.26553252
0.3136167
0.33122528
0.28478116
0.3010835
0.24238496
0.30495906
0.2796295
0.25238517
0.34462324
0.2638021
0.2623012
0.27857396
0.2934577
0.30442038
0.31458047
0.27660275
0.28330156
0.30119658
0.31449634
0.2687134
0.22689486
0.22539707
0.31284228
0.21059059
0.27909437
0.22824214
0.23526804
0.2466433
0.27169958
0.30195746
0.31993774
0.2547145
0.22908662
0.27064034
0.29928756
0.22228567
0.24315809
0.30363575
0.25513405
0.30967587
0.27494144
0.2819741
0.2588223
0.22202568
0.22700602
0.2658379
0.30878118
0.30471092
0.27246213
0.2982094
0.25795728
0.25444326
0.25258285
0.2727773
0.28851342
0.287163
0.24637958
0.24951552
0.28039286
0.30718496
0.25018382
0.26934862
0.24666372
0.29217365
0.28788292
0.27823845
0.22326086
0.3243703
0.24615206
0.25643587
0.2224547
0.25377935
0.2684264
0.33731735
0.29850498
0.29223484
0.23440412
0.21598768
0.27560222
0.26595128
0.24021408
0.2758223
0.25324002
0.34128
0.22634491
0.20703207
0.2896081
0.2476402
0.24660991
0.242136
0.28956348
0.2544589
0.27633286
0.28458464
0.20680729
0.24550706
0.2669993
0.29574105
0.31167838
0.25345019
0.25739905
0.28260615
0.23195721
0.32364762
0.29330045
0.22748925
0.29158515
0.26902565
0.26015598
0.23746438
0.27828524
0.2524365
0.3479402
0.25059015
0.2240943
0.25822985
0.26635373
0.30130324
0.22056529
0.3012978
0.21023406
0.2322605
0.29305223
0.26194134
0.24385346
0.2550242
0.3288228
0.28777158
0.2876299
0.2718895
0.30670956
0.30947703
0.26162854
0.21511774
0.22987871
0.28724584
0.2853875
0.27763608
0.27521738
0.25639513
0.3358662
0.26817268
0.2574843
0.3250413
0.24538718
0.26700452
0.2978119
0.36821243
0.23939294
0.28434917
0.25388157
0.32165137
0.26813158
0.23837942
0.30413586
0.27332336
0.24976811
0.32580653
0.29839453
0.2372539
0.23194882
0.26644966
0.25084612
0.2873095
0.23242854
0.31500572
0.24600007
0.24915075
0.27640536
0.24275486
0.2286579
0.21966875
0.23754188
0.23280364
0.24993487
0.3130479
0.31193453
0.24781488
0.29363015
0.3008298
0.241257
0.27719623
0.3082579
0.24081947
0.27325386
0.2239405
0.3042332
0.3214941
0.29375333
0.22883396
0.26662606
0.19757423
0.23413324
0.21583067
0.25198486
0.25771785
0.28322205
0.22053424
0.316813
0.2288801
0.22257264
0.23515645
0.26338002
0.28190556
0.2590683
0.2829879
0.23935817
0.28911656
0.34404272
0.25987154
0.28012127
0.263535
0.2698035
0.26363423
0.2144247
0.24608693
0.2689815
0.30606523
0.28303394
0.24661738
0.22953303
0.28422102
0.28912672
0.27376792
0.2988039
0.26814187
0.29775634
0.27167708
0.28023314
0.26363745
0.23879446
0.33485135
0.29885408
0.22395787
0.29475212
0.30865178
0.2277036
0.23351541
0.26073146
0.26122642
0.25097948
0.27190346
0.31892726
0.27881473
0.24998629
0.29820916
0.30904034
0.242833
0.22665347
0.29895788
0.27001524
0.27335775
0.31034377
0.24335532
0.28172174
0.30185956
0.2487074
0.23335147
0.2645261
0.25734288
0.27300602
0.30293274
0.30945534
0.28324488
0.26196024
0.32581368
0.26222706
0.3120907
0.27453217
0.26456675
0.27714813
0.2558866
0.25886095
0.26547793
0.32084304
0.27078313
0.30997422
0.30713844
0.26529935
0.31816798
0.24841312
0.2981671
0.25576657
0.22743309
0.22713618
0.25031388
0.277129
0.26509258
0.26456493
0.2988742
0.23732653
0.2748882
0.22556299
0.32035097
0.28333938
0.24702571
0.3138251
0.2641585
0.23831798
0.21049918
0.26226792
0.25659934
0.2802203
0.2584782
0.28094327
0.2335705
0.24417011
0.22491464
0.28911138
0.25917527
0.31299803
0.2450977
0.27776286
0.24041052
0.29779917
0.29626998
0.31750152
0.30427435
0.25684053
0.2852614
0.286271
0.22705753
0.30422553
0.25975758
0.3337513
0.21545948
0.29270154
0.27078736
0.3233074
0.32718456
0.30828884
0.2599446
0.33412254
0.26455998
0.29704952
0.24260695
0.2665144
0.24927567
0.27938077
0.2838991
0.28452432
0.33517078
0.2716938
0.26489428
0.24982542
0.29239097
0.28109628
0.26804346
0.26601458
0.26282442
0.2547654
0.28885028
0.23657687
0.26827312
0.26769403
0.29019964
0.30379277
0.24158901
0.26753107
0.33340895
0.23319092
0.22312886
0.31870833
0.23132074
0.3313172
0.29053512
0.29937834
0.27597296
0.285729
0.20641306
0.25976467
0.23989697
0.28050703
0.2826644
0.29589453
0.27496567
0.29275265
0.26710752
0.28132117
0.29215536
0.32595935
0.26011637
0.35039273
0.2839454
0.28964764
0.27101445
0.30776376
0.26397863
0.28596237
0.27728578
0.23418187
0.23229057
0.26966876
0.25648788
0.24391115
0.25258604
0.26927072
0.25767797
0.2258018
0.28224593
0.24881318
0.25176904
0.2699738
0.26987943
0.24793936
0.22191389
0.24217996
0.23474976
0.2801297
0.28475323
0.28350297
0.26954502
0.32198256
0.24471264
0.23582022
0.27230856
0.27783847
0.25695518
0.2404865
0.2656578
0.2834306
0.23813862
0.2497257
0.27270526
0.24861918
0.233872
0.27347195
0.23839134
0.27170628
0.22330883
0.27142903
0.23721512
0.27316582
0.24721098
0.22649097
0.24311502
0.25662372
0.26251054
0.23202996
0.22322524
0.27963355
0.31154382
0.2614888
0.26314175
0.26014626
0.2632088
0.24928358
0.23483333
0.26390567
0.28623486
0.24236406
0.28825077
0.29870823
0.2758047
0.2621624
0.2764478
0.29624912
0.30158827
0.21604946
0.28164387
0.2553263
0.2505591
0.29819468
0.26530007
0.27042
0.33061802
0.31864783
0.23845829
0.21847737
0.23233615
0.32116637
0.25729737
0.22870807
0.29530385
0.30031392
0.27668777
0.32702073
0.24727729
0.2305298
0.2472129
0.25628507
0.23628575
0.26604742
0.24873547
0.2450749
0.24622656
0.252434
0.25644466
0.25339422
0.23358682
0.31021622
0.25627685
0.2962654
0.21292955
0.2491431
0.2793565
0.26015514
0.33927
0.25584275
0.2644426
0.29161406
0.25876445
0.23153485
0.30165067
0.27926338
0.30299613
0.22578736
0.23451199
0.26729894
0.24545936
0.28427356
0.24879774
0.24324061
0.24409916
0.28321016
0.27040997
0.24880677
0.24607655
0.3082912
0.27696726
0.24418016
0.30355105
0.25565472
0.26139858
0.3255675
0.27606302
0.28088388
0.2330441
0.27097353
0.21808264
0.22843318
0.24953233
0.23870456
0.2683408
0.28769684
0.2305661
0.30486166
0.2854499
0.31387374
0.24661757
0.28745362
0.23922767
0.3122618
0.2388578
0.2667988
0.28637004
0.24411751
0.2217886
0.2765519
0.26638776
0.26898864
0.37986523
0.27542135
0.25816268
0.28788713
0.27244148
0.29014862
0.29032868
0.2701151
0.31616023
0.26598948
0.35295048
0.29665643
0.24520075
0.26747313
0.2723836
0.26798767
0.2797968
0.3319829
0.23603947
0.30330938
0.242453
0.30277613
0.28168076
0.26453936
0.30263028
0.33882976
0.27770332
0.26352823
0.30278328
0.24227414
0.314255
0.27907518
0.24631998
0.26551735
0.28364965
0.24005279
0.28963652
0.25031504
0.31395224
0.23803882
0.27978456
0.26957387
0.24339724
0.27294925
0.25332257
0.26056117
0.29948854
0.2009924
0.28273073
0.22772358
0.28893706
0.32175684
0.27384567
0.29690525
0.2986794
0.23778948
0.2719263
0.2687859
0.25879398
0.27869016
0.2622725
0.26142544
0.3254468
0.26402518
0.2787678
0.26694128
0.29974875
0.27148235
0.2636264
0.22797975
0.28480488
0.23903047
0.3122503
0.27341294
0.31985524
0.23925935
0.27559862
0.27358276
0.26189184
0.27036402
0.26119506
0.28100964
0.28236195
0.25215438
0.3060505
0.26932162
0.23111002
0.33482158
0.30499813
0.24901775
0.21790957
0.25772923
0.26022324
0.21577276
0.2284194
0.22182831
0.2553079
0.3630605
0.2461159
0.26428756
0.25682268
0.22565155
0.2904237
0.22704299
0.22958066
0.29276183
0.21413368
0.24355102
0.28081095
0.2796049
0.24376531
0.24024983
0.3391292
0.23583384
0.2607096
0.2321815
0.23249006
0.27037778
0.21819434
0.2701616
0.2574891
0.30389714
0.28377295
0.24357975
0.24027245
0.23713863
0.24845392
0.25918815
0.2494951
0.271739
0.27326146
0.2652344
0.2759056
0.25714916
0.2713175
0.26229507
0.24871394
0.25070214
0.2843918
0.25327682
0.2622364
0.27542228
0.25218385
0.2666399
0.24816243
0.24655144
0.26416013
0.21306217
0.22030273
0.23692869
0.2784984
0.23125483
0.3002391
0.23457016
0.27176687
0.29173514
0.30460775
0.27452686
0.26394704
0.25657737
0.2955656
0.28030336
0.2669077
0.25143883
0.31938946
0.2552274
0.26071614
0.27350745
0.25529233
0.24452557
0.24686351
0.24749017
0.24409597
0.26713213
0.29276738
0.24291396
0.22598141
0.2812973
0.24478701
0.2973188
0.24004297
0.2729741
0.23820643
0.28392285
0.2344785
0.2340877
0.28219575
0.34588706
0.28285608
0.23209752
0.3087733
0.272702
0.24274461
0.23439996
0.27088302
0.25632977
0.2882417
0.28498954
0.26737836
0.23921789
0.28139827
0.26238373
0.29498905
0.2831168
0.25950995
0.28096592
0.25194222
0.21014246
0.28800917
0.29459125
0.22891784
0.27654964
0.25922891
0.28419602
0.24121565
0.2593109
0.27858457
0.22160563
0.25858754
0.25796962
0.28116006
0.23930344
0.2722388
0.2497257
0.29453814
0.25345728
0.25544795
0.24577282
0.1959375
0.25785258
0.29606947
0.28266713
0.3118897
0.23722145
0.24400872
0.31300253
0.27840716
0.2885596
0.25845727
0.25731692
0.3323341
0.20142661
0.26535925
0.27304524
0.28534278
0.27340505
0.311051
0.28727233
0.27531454
0.2745042
0.29378814
0.27157024
0.29768485
0.30166456
0.3492949
0.29266763
0.24850976
0.23114383
0.25281137
0.4048255
0.23728356
0.24488746
0.26891267
0.26025152
0.2599649
0.25344896
0.26272887
0.22994548
0.24669172
0.2676268
0.2912709
0.24460308
0.28616747
0.24061207
0.29882687
0.2542748
0.24029775
0.23778878
0.26238275
0.2429157
0.33645025
0.2648096
0.32949218
0.25125316
0.2750537
0.24068785
0.30562815
0.2635196
0.29977944
0.23848194
0.28324494
0.23064134
0.2568274
0.2988617
0.23238562
0.3007592
0.32432202
0.24300402
0.27499372
0.28791732
0.3040725
0.22921075
0.34653825
0.23260319
0.28263077
0.2950698
0.32901883
0.2461394
0.2620066
0.25395867
0.3060969
0.2985014
0.29793045
0.27886474
0.3632479
0.3074189
0.273742
0.29928124
0.30651033
0.29889116
0.2482409
0.21221831
0.2777923
0.2701666
0.2360581
0.26186833
0.28647408
0.21919607
0.24866758
0.26665303
0.27575484
0.24974732
0.2475633
0.28347725
0.2988853
0.26894104
0.2939836
0.3156409
0.27630976
0.24523237
0.28532878
0.31187856
0.32151967
0.26944616
0.23448135
0.2710644
0.27778402
0.2566502
0.3587584
0.27673516
0.26854178
0.2821035
0.29518932
0.26709127
0.28779626
0.25108787
0.26183727
0.26099876
0.2181093
0.25353804
0.24188606
0.289237
0.2771989
0.23119798
0.325393
0.3959568
0.27075616
0.2416813
0.23075864
0.3077611
0.2559697
0.25920558
0.25091705
0.23983513
0.2966802
0.33424455
0.28184184
0.27465585
0.24076387
0.26981083
0.25852132
0.2795317
0.29197997
0.29527614
0.28119817
0.26370138
0.24267028
0.27795774
0.23270476
0.22423308
0.24976942
0.28693777
0.23380136
0.31459934
0.28574884
0.20375793
0.28934494
0.27394077
0.27528113
0.22835305
0.27926296
0.26890898
0.2100214
0.26678792
0.34571844
0.26284182
0.21796383
0.24114132
0.29345676
0.23129812
0.28797847
0.29527462
0.25246352
0.26799405
0.2096259
0.26328215
0.24100691
0.30995026
0.30284384
0.20660472
0.28110656
0.27214175
0.3009895
0.27040538
0.27415437
0.23050317
0.28063428
0.25250396
0.2724881
0.28170595
0.31312844
0.23789145
0.27199656
0.27784005
0.25402442
0.25446847
0.28697157
0.2586212
0.2785513
0.2812716
0.23611677
0.22774069
0.27082238
0.21156526
0.23358944
0.27813873
0.24512328
0.26663113
0.25649866
0.28365433
0.22348405
0.22054353
0.23640372
0.22715746
0.30912092
0.26864663
0.27387008
0.2807682
0.23065534
0.22999825
0.23898657
0.27844122
0.2843918
0.26621708
0.25375003
0.24825248
0.23241761
0.24847437
0.29604334
0.24852283
0.24732736
0.38517743
0.2916971
0.29760242
0.25893727
0.2777067
0.3128956
0.2818133
0.24334714
0.32035834
0.20373634
0.25848937
0.26879007
0.30201107
0.26716664
0.30564657
0.30948257
0.27519566
0.323015
0.21676801
0.26557517
0.28115538
0.28252956
0.31777588
0.30225566
0.28378975
0.29256594
0.31152692
0.33681527
0.2777953
0.3024376
0.32698122
0.24992664
0.29391375
0.31800586
0.26465848
0.30250984
0.3085115
0.25268766
0.23349738
0.2818665
0.25720307
0.2917216
0.26114824
0.26008588
0.27991754
0.31250498
0.24363267
0.22892319
0.22449857
0.2977017
0.27896345
0.26819324
0.24183634
0.27221167
0.30753294
0.3574631
0.28537577
0.29956764
0.27228037
0.2690537
0.2863732
0.31024387
0.25792938
0.25586814
0.24437119
0.29749942
0.226068
0.25935537
0.2862899
0.23836951
0.2491528
0.22274773
0.2539196
0.24819842
0.26933748
0.27049062
0.26093414
0.23282722
0.26473358
0.28169206
0.24698184
0.2638197
0.29779333
0.2850841
0.29951295
0.27685478
0.2519116
0.26465136
0.31333336
0.3217392
0.23152606
0.28682852
0.28417355
0.22428872
0.24830583
0.2671263
0.22358721
0.27697405
0.26471218
0.27149862
0.24916872
0.31274977
0.2579057
0.30187017
0.23991306
0.31887054
0.28601173
0.31097707
0.2946674
0.33627784
0.25644818
0.26931053
0.28174478
0.26433408
0.28881282
0.2675886
0.23084068
0.26813352
0.3231045
0.2835728
0.2959661
0.23087595
0.27564058
0.21714106
0.3007534
0.28622094
0.23707193
0.2208642
0.2526969
0.29988995
0.29687718
0.29789245
0.2690536
0.2931314
0.24053119
0.23982804
0.22132798
0.3006363
0.22082216
0.2555183
0.243235
0.25446612
0.27527866
0.25219205
0.2535621
0.22674161
0.22338992
0.25812942
0.27362055
0.28900027
0.25493437
0.24106897
0.24416332
0.24334358
0.23944028
0.22144714
0.26109633
0.2525379
0.29468364
0.26488152
0.2519077
0.28448978
0.25815463
0.266438
0.25037783
0.2668458
0.32198852
0.22880429
0.2760449
0.27222252
0.24740638
0.24627838
0.2879202
0.24852018
0.32389414
0.26217675
0.25225914
0.25919375
0.34095985
0.26731896
0.24981917
0.30920345
0.24147731
0.30048096
0.30180237
0.29299593
0.26491413
0.26135585
0.2408659
0.33166432
0.26308498
0.22372903
0.28842282
0.27140656
0.2639127
0.26221207
0.2444712
0.23487796
0.2794593
0.30402827
0.2657661
0.33241057
0.22251675
0.22387591
0.26612037
0.2700757
0.28459337
0.32236755
0.2236341
0.22437698
0.24401139
0.26421502
0.29033536
0.2617359
0.2640924
0.2681262
0.26927286
0.25194097
0.22751448
0.26049215
0.25433925
0.2502524
0.2749317
0.2895544
0.2473506
0.2617611
0.2605175
0.23019642
0.2580372
0.25265417
0.22043811
0.34875917
0.2491951
0.266579
0.25827196
0.2977747
0.2633456
0.24022602
0.26438782
0.2977602
0.20965777
0.3105787
0.28708485
0.29501137
0.3357473
0.26561075
0.24232046
0.30995378
0.29304686
0.2965872
0.25118068
0.26696387
0.29178566
0.27204153
0.3077681
0.23351745
0.25510728
0.2506509
0.22266504
0.24240385
0.2814825
0.27075812
0.3024635
0.3137372
0.3272438
0.38840982
0.29175085
0.29272225
0.30591813
0.25061837
0.3004911
0.32645306
0.27350765
0.21426295
0.29150596
0.25685802
0.2628027
0.24295257
0.25549448
0.26714894
0.24411085
0.23750357
0.29858673
0.301476
0.31894574
0.29579148
0.26518005
0.2848467
0.30734313
0.2843478
0.30153802
0.28566703
0.36766708
0.22575432
0.31566408
0.31503162
0.20726602
0.252429
0.26319787
0.27421635
0.27909186
0.2695147
0.2592076
0.30101445
0.21424638
0.2788127
0.2632212
0.25628856
0.281687
0.2729445
0.31637213
0.24780454
0.23622891
0.25274503
0.23416448
0.24544017
0.28114545
0.2996536
0.2538154
0.25731865
0.26260826
0.30785307
0.33464974
0.24968301
0.29088706
0.2417303
0.25268805
0.24283135
0.29778397
0.27292252
0.2995662
0.24525139
0.24126205
0.32845816
0.2691827
0.2480991
0.2738271
0.2977444
0.3311694
0.2921117
0.2561324
0.24451227
0.26078612
0.24504821
0.25013047
0.30935058
0.2551887
0.25465408
0.25895774
0.21692397
0.35393542
0.27594662
0.3129652
0.23095512
0.24817868
0.27007154
0.27899903
0.2491812
0.24129058
0.30681768
0.28417295
0.29603705
0.2728107
0.28159288
0.276091
0.26954243
0.22545554
0.25624505
0.25306
0.25359187
0.24476087
0.2536688
0.22290768
0.2871922
0.2795936
0.23658901
0.26088658
0.2721876
0.2289753
0.3195696
0.22835161
0.3174979
0.26465383
0.2561415
0.23951225
0.26417914
0.23469058
0.2649448
0.25203407
0.2784565
0.19686075
0.31500366
0.27912873
0.25763923
0.26695114
0.24867336
0.23621356
0.2322923
0.2551301
0.22044264
0.23943098
0.26495394
0.27556863
0.22977583
0.23106058
0.27157164
0.2733308
0.27722988
0.26416013
0.23611481
0.3847435
0.30095232
0.26400766
0.22326522
0.294149
0.27458972
0.29261267
0.24011359
0.21257497
0.23091114
0.27692395
0.24260466
0.2784527
0.22583432
0.22837494
0.24376531
0.29649287
0.32139912
0.23960003
0.22735494
0.32128945
0.3178295
0.27798602
0.28506988
0.23049158
0.3351802
0.31798434
0.3023819
0.2632613
0.23663478
0.24863528
0.25867024
0.27772403
0.25175315
0.26029003
0.24856699
0.24226841
0.27690154
0.30239516
0.2959801
0.26473308
0.26765513
0.2688903
0.2757046
0.23971517
0.24325936
0.27711895
0.28155497
0.23556246
0.24191606
0.26052457
0.21589585
0.29807034
0.27649695
0.25161186
0.2546688
0.2484493
0.28296718
0.27121285
0.21675588
0.23324881
0.26520255
0.24322465
0.2670629
0.32922614
0.28087518
0.23868877
0.2514551
0.26589516
0.25175646
0.31937566
0.306275
0.29006442
0.29276514
0.31994596
0.28058186
0.26097575
0.2773354
0.23031498
0.3380607
0.23611073
0.33373994
0.26226616
0.22796838
0.29372013
0.26634103
0.28043362
0.23635429
0.24128248
0.2778772
0.23920853
0.24050051
0.2774844
0.26955128
0.2743221
0.23494488
0.27254438
0.2156553
0.2694726
0.26062974
0.2672157
0.24313977
0.28731513
0.2735918
0.29861268
0.25736463
0.31276438
0.29211748
0.2551399
0.28237855
0.23478246
0.24541889
0.29030952
0.26826575
0.23063606
0.2575973
0.30270246
0.29710144
0.28322434
0.26622993
0.2813739
0.2768379
0.25502732
0.2819035
0.26387602
0.2627239
0.2593235
0.222356
0.2834987
0.2795332
0.27704886
0.23620567
0.27906677
0.27329138
0.24783635
0.24699986
0.311955
0.28817844
0.2759914
0.28965312
0.24432985
0.33080947
0.23960382
0.30799133
0.28122956
0.27407852
0.3497496
0.2968905
0.2274444
0.25595266
0.27364028
0.2984914
0.28724068
0.23359226
0.26130557
0.2788768
0.26434237
0.24946524
0.27931434
0.32661456
0.25099167
0.28783268
0.26697123
0.27167124
0.2513724
0.30702972
0.2387054
0.28569648
0.28949037
0.27665147
0.26064774
0.21628405
0.26917264
0.29666102
0.27998328
0.20666197
0.25686184
0.30144367
0.25859565
0.3253701
0.3059499
0.23985384
0.26497725
0.21761627
0.22398826
0.22887811
0.21430449
0.28743413
0.24553278
0.2850514
0.31052375
0.24481104
0.32221004
0.26601994
0.23612674
0.29913244
0.21230932
0.25606918
0.31487748
0.27855787
0.31726843
0.24308741
0.3135236
0.25381976
0.30791882
0.23121147
0.21793772
0.30354184
0.25347516
0.25823715
0.38889593
0.23370716
0.25804934
0.27486375
0.27952716
0.26903552
0.2661735
0.29773983
0.30210218
0.2670554
0.33684367
0.27421653
0.25814983
0.26383594
0.2282607
0.24941878
0.26233062
0.34199044
0.23866943
0.27424338
0.29928756
0.24915849
0.2596573
0.29485115
0.22450174
0.23212075
0.24187706
0.3133276
0.29169828
0.27480152
0.26750305
0.27384365
0.2970812
0.2828707
0.31796765
0.26451975
0.29600263
0.29016078
0.3235668
0.26600432
0.27465189
0.26100463
0.31883645
0.27301812
0.2763324
0.2590583
0.2861206
0.27217337
0.26808426
0.2791642
0.23927718
0.26314914
0.2516843
0.23794213
0.25031844
0.29774162
0.31367704
0.35384837
0.21943429
0.29696146
0.3216909
0.30406725
0.24518533
0.23793249
0.2704928
0.28183687
0.27265865
0.24281515
0.2701162
0.2780788
0.25487298
0.26057273
0.22447853
0.24597871
0.25707865
0.32934752
0.28062114
0.2538139
0.2420049
0.28427774
0.22142439
0.25543067
0.28432888
0.26490164
0.3218204
0.30003962
0.28314358
0.3201446
0.27698907
0.3102953
0.22683586
0.22605836
0.33977395
0.24207485
0.2750428
0.2781839
0.27726313
0.23379803
0.263604
0.22739868
0.31294185
0.25466007
0.26106453
0.24504013
0.2056033
0.29442012
0.24143119
0.23467812
0.2865546
0.24787182
0.29496142
0.24846849
0.23808497
0.29475388
0.30759373
0.25767732
0.27291077
0.30725175
0.26825705
0.24927494
0.25745437
0.23256187
0.3902373
0.28390217
0.25105175
0.2226344
0.2639405
0.24108681
0.2350167
0.31239483
0.2804135
0.28321102
0.2309029
0.25501603
0.225741
0.2656516
0.2393218
0.2618375
0.26665065
0.27430207
0.28933826
0.2973778
0.29815143
0.25053865
0.24571647
0.25540623
0.26284885
0.26716012
0.25626454
0.26786014
0.30102217
0.29801825
0.2899707
0.30994472
0.252298
0.20469168
0.3042424
0.24669082
0.26688388
0.2665191
0.26029226
0.26543206
0.23030743
0.27342176
0.22002752
0.25584236
0.24225739
0.24643083
0.26631448
0.24261178
0.20726836
0.3084269
0.24814643
0.2749967
0.24768911
0.28404972
0.24844113
0.25564045
0.23490855
0.24231444
0.25852227
0.2228066
0.2688537
0.2449474
0.2964203
0.2575106
0.23948875
0.36210296
0.2781335
0.30291757
0.25337595
0.3184056
0.26165986
0.2490166
0.26053873
0.2534888
0.34728926
0.25073028
0.23167017
0.22358799
0.26644602
0.24214584
0.22960405
0.3384553
0.25597286
0.26547143
0.22969273
0.29143354
0.23282985
0.21864538
0.30011338
0.26726136
0.2808383
0.2750778
0.27815372
0.22352043
0.28564516
0.23700698
0.26799557
0.28015473
0.2415474
0.20862815
0.29005814
0.27178767
0.24259071
0.2201767
0.29232207
0.29736152
0.26257783
0.24946013
0.26329064
0.24765477
0.29633057
0.2818852
0.301261
0.26749304
0.22767498
0.26063904
0.29890266
0.27085137
0.268356
0.31047732
0.27903992
0.29829434
0.25715008
0.2782769
0.25582436
0.25900933
0.26648435
0.23281662
0.2964539
0.26137465
0.2794769
0.26461655
0.25621644
0.27464217
0.22303897
0.23319422
0.23887701
0.2866591
0.27135444
0.23572987
0.2587526
0.32799125
0.24753247
0.24739718
0.24487184
0.27967793
0.26224142
0.2514893
0.25502998
0.3219354
0.23197465
0.2784524
0.23483625
0.2679408
0.28901577
0.20829037
0.283569
0.2607454
0.23354486
0.27468514
0.24882437
0.2848518
0.2475351
0.26126072
0.25975782
0.2436229
0.2846538
0.32405528
0.2803513
0.2739281
0.25695652
0.24309428
0.23297536
0.32652086
0.29569548
0.22509785
0.2385598
0.32400295
0.254174
0.3064314
0.25560936
0.31971103
0.2706747
0.2701054
0.26066047
0.30049452
0.24675483
0.24442604
0.23600769
0.2362747
0.27692303
0.32121783
0.25698578
0.24293321
0.23917648
0.29612786
0.27425072
0.25950035
0.25655368
0.2705606
0.2838516
0.31357557
0.26834816
0.24557395
0.29455316
0.3056868
0.28147402
0.30796358
0.3429244
0.30894658
0.25074017
0.26246783
0.21766426
0.2753228
0.2662285
0.22697368
0.26377982
0.27446112
0.27716777
0.28844196
0.28852558
0.3157527
0.24864128
0.30068406
0.26473764
0.21369009
0.27322438
0.27821526
0.24634439
0.23722497
0.32173648
0.29207426
0.28483766
0.26716244
0.29875937
0.26145357
0.22901788
0.21566065
0.24170205
0.26758462
0.28938755
0.2552668
0.33078483
0.26290223
0.31293538
0.30014876
0.28251785
0.27978796
0.24984965
0.2925857
0.26943365
0.2868628
0.25288644
0.23431765
0.33690703
0.23480922
0.28875452
0.22426596
0.26743293
0.26883072
0.32688448
0.27854237
0.32404053
0.25204036
0.30958596
0.25525975
0.26507476
0.26500767
0.2794756
0.25436294
0.23788427
0.25134122
0.27790728
0.23410976
0.23944788
0.2567594
0.26768792
0.2865126
0.26134503
0.26844895
0.28604248
0.24586082
0.25478816
0.24476275
0.27980682
0.2563631
0.22751172
0.24047787
0.2598309
0.3191813
0.2414024
0.28237078
0.26411977
0.23722322
0.23903549
0.24904557
0.34262118
0.2540851
0.27936485
0.24178517
0.21808924
0.24709138
0.3150334
0.29827785
0.25152785
0.2495777
0.31144223
0.2973469
0.25531733
0.29620415
0.24704015
0.27453738
0.27154842
0.26577592
0.253108
0.20884772
0.24530911
0.22651324
0.27124625
0.23546065
0.23091342
0.2399528
0.291657
0.2760745
0.25292015
0.2795161
0.22674257
0.2553569
0.28899288
0.30843234
0.2539913
0.2559456
0.2608502
0.22536132
0.28736505
0.2475739
0.30883992
0.26254568
0.22770806
0.2750756
0.30575106
0.24541822
0.23677242
0.26561007
0.26911548
0.2863493
0.32310835
0.2579459
0.24854876
0.2891956
0.27751112
0.24513812
0.24513257
0.25807902
0.24353914
0.26204214
0.23010519
0.294079
0.28576407
0.2671727
0.25849247
0.24783354
0.22716649
0.29254857
0.33877897
0.22698602
0.30400658
0.2669587
0.2724253
0.27702263
0.28429887
0.26443928
0.31702435
0.27490675
0.28586143
0.22752479
0.2930974
0.2838516
0.26845822
0.251811
0.23962505
0.33800364
0.28951237
0.2579191
0.22986141
0.2817636
0.24657935
0.33859685
0.2122027
0.2773179
0.26064086
0.31188977
0.27604124
0.28478634
0.24060103
0.29517993
0.29135135
0.23798285
0.28109157
0.2431565
0.27685392
0.26879406
0.24935643
0.25024962
0.24554084
0.2679129
0.22722591
0.27450928
0.25080907
0.24720727
0.25010473
0.2573872
0.34823698
0.33593923
0.23151201
0.2723845
0.24637184
0.29820755
0.33078855
0.29086894
0.28656682
0.22791716
0.25637108
0.25598332
0.32703626
0.24635744
0.33318415
0.22916092
0.24676618
0.23547086
0.25039122
0.25763676
0.2449442
0.2496033
0.25710323
0.2683385
0.29960144
0.23373747
0.2796719
0.2652769
0.2898341
0.26840556
0.2603378
0.27753896
0.27974832
0.24503028
0.2225205
0.25848314
0.21934077
0.25802976
0.29003787
0.23614325
0.26821756
0.2575422
0.24538901
0.21060196
0.29843003
0.28606603
0.29944405
0.21117905
0.2316922
0.2729857
0.2652274
0.2322171
0.2651
0.28868702
0.2165609
0.2760635
0.27143872
0.27811357
0.24114303
0.25924706
0.2648377
0.26636225
0.30147544
0.2599351
0.25799844
0.30213434
0.2515771
0.25742945
0.3576626
0.23947445
0.29735622
0.24696355
0.3242926
0.29983643
0.20652574
0.35862312
0.29368895
0.28175607
0.3489624
0.2887648
0.24377716
0.3028866
0.27822912
0.31468815
0.30519798
0.26917174
0.22146559
0.280747
0.24253173
0.2781653
0.25756544
0.26261398
0.25942513
0.31854776
0.33477178
0.24691758
0.23181081
0.25667796
0.28833896
0.26746452
0.3137574
0.26819843
0.28065392
0.34577322
0.25990418
0.29935402
0.24314518
0.2192824
0.28607118
0.21978922
0.24948353
0.253186
0.26069525
0.2542103
0.32857838
0.29041803
0.28222162
0.30840704
0.3073881
0.25509906
0.2209838
0.2997578
0.26238015
0.30313432
0.2868091
0.26920417
0.23613796
0.27800304
0.23196106
0.21715751
0.29008424
0.23564437
0.2641965
0.26679453
0.29993314
0.25040814
0.24013217
0.23729777
0.34156227
0.30373538
0.2061704
0.25291365
0.31010652
0.2317063
0.26339132
0.29352078
0.30329895
0.30439642
0.31512213
0.36083528
0.27990693
0.26236057
0.24252394
0.2701342
0.28985766
0.22653449
0.25517708
0.23630622
0.27254468
0.23884769
0.26876745
0.2800996
0.31658423
0.26438555
0.2381714
0.2840726
0.2754716
0.2419794
0.29414934
0.24818484
0.25180158
0.28535253
0.29264528
0.22970389
0.29183972
0.30524608
0.22215296
0.24536899
0.21649125
0.29656795
0.26544425
0.3085925
0.2859423
0.28820544
0.23639257
0.2933932
0.23894708
0.26904297
0.28484896
0.300918
0.29242203
0.3007315
0.29809773
0.2517088
0.3489235
0.28506926
0.26643512
0.24338442
0.24976738
0.26415142
0.31311262
0.24747136
0.2814706
0.2697375
0.23529607
0.2715811
0.30468994
0.2806872
0.25103167
0.22048302
0.26808405
0.2509401
0.29072174
0.2793164
0.260801
0.27722192
0.30982953
0.25972396
0.26156244
0.285131
0.2677716
0.25346625
0.25677004
0.26295242
0.26042852
0.24429815
0.26656115
0.31699765
0.29099476
0.2734653
0.24918546
0.29245895
0.21787098
0.22751746
0.3159568
0.33531347
0.26737306
0.3276118
0.28978503
0.30577627
0.2256186
0.2954258
0.27535325
0.21491675
0.31178
0.22179776
0.28911334
0.2501329
0.28336737
0.2548619
0.2392638
0.25542828
0.20977427
0.2702249
0.3434698
0.25641385
0.30117786
0.31045592
0.27434406
0.32719207
0.2900447
0.24299075
0.3160527
0.26120543
0.2589843
0.25615096
0.21667586
0.30514053
0.25641334
0.2772377
0.30399013
0.24053527
0.29172328
0.24789764
0.2295508
0.24586198
0.25905108
0.2507115
0.27100417
0.3032248
0.26607814
0.22268297
0.27122158
0.2671251
0.23852777
0.23810901
0.25995058
0.23269275
0.2935669
0.24710582
0.247334
0.29242882
0.2625899
0.2680307
0.25891557
0.2551043
0.28672507
0.29448298
0.27458668
0.30036873
0.35981268
0.2624857
0.24730536
0.29307
0.22386804
0.29501268
0.3147772
0.2843107
0.31089017
0.25610495
0.25284156
0.29569134
0.2854466
0.24109845
0.31433666
0.2551277
0.24533683
0.24226366
0.23040709
0.27145943
0.25868192
0.3138865
0.2774022
0.26980838
0.27337983
0.2755707
0.23997982
0.24635188
0.24399169
0.3468051
0.25476074
0.2399948
0.30375034
0.29110938
0.2832012
0.21989843
0.25437158
0.28081742
0.25261173
0.24445537
0.2695647
0.3010432
0.2666351
0.27721912
0.22341175
0.26329926
0.31567627
0.23230249
0.2657648
0.24766162
0.27835327
0.20843068
0.30926493
0.31483483
0.26144043
0.33184597
0.21286535
0.27111217
0.26032412
0.25982642
0.27352178
0.33553025
0.28436965
0.25137815
0.2771312
0.26018617
0.26947558
0.29756477
0.22608429
0.25292122
0.26704878
0.21530084
0.24105497
0.3448809
0.26829022
0.33460975
0.27838844
0.26580474
0.25478122
0.24503888
0.28675354
0.27770406
0.24109845
0.26104623
0.28665304
0.26164463
0.25050938
0.31632423
0.28552532
0.21118936
0.23068792
0.34526095
0.26563716
0.31237477
0.3407302
0.2846872
0.32003888
0.25376964
0.2602109
0.22319862
0.22688472
0.27180162
0.2763888
0.24648309
0.2973629
0.24468733
0.24150977
0.28024152
0.30717447
0.25940531
0.33418444
0.2872417
0.25245097
0.23062845
0.26832005
0.24363038
0.2919376
0.28951165
0.28985766
0.28137618
0.2534865
0.26001248
0.26577434
0.24991322
0.24553785
0.29092425
0.2646103
0.22041456
0.2494536
0.26366228
0.28334978
0.34463128
0.22752891
0.27818477
0.26306313
0.2583948
0.23865601
0.24735431
0.28636032
0.24595945
0.29473957
0.2755174
0.28113604
0.26481727
0.2566041
0.25153726
0.21408112
0.30132437
0.20405714
0.29701343
0.26770982
0.30351034
0.30012092
0.32558104
0.23624855
0.2402078
0.28727204
0.24880804
0.29044348
0.29364535
0.2925771
0.24691764
0.25381026
0.28765142
0.2778764
0.28821713
0.2447401
0.2410836
0.25810415
0.31252515
0.22393236
0.2960548
0.27992168
0.22579987
0.2755753
0.2319235
0.30308512
0.25400838
0.25611883
0.23421785
0.29182473
0.3114715
0.33344442
0.24904385
0.2756274
0.24833462
0.2691982
0.22743908
0.2233758
0.22950299
0.25832185
0.26353678
0.27414265
0.29145837
0.27597964
0.25985998
0.33332646
0.28217825
0.2711217
0.27005395
0.28035557
0.31144157
0.27386817
0.2669791
0.29859295
0.2529697
0.2777354
0.2203549
0.24886481
0.2302128
0.26830465
0.26457366
0.24946521
0.28421512
0.28575414
0.29545337
0.23684336
0.21584465
0.26366934
0.2479459
0.2932517
0.27829975
0.2563495
0.28867143
0.30904493
0.24536502
0.271198
0.29221752
0.32383573
0.32067648
0.26638645
0.21744408
0.29215157
0.2353936
0.27292508
0.29303214
0.32099834
0.28246304
0.3389268
0.24634723
0.2439338
0.3023857
0.29660434
0.24069573
0.265479
0.3053368
0.22678502
0.26455158
0.23088413
0.2964365
0.30924937
0.34458506
0.26187018
0.2949857
0.24257308
0.2889153
0.26176032
0.28975156
0.26899347
0.21647987
0.30286354
0.23822069
0.25827003
0.22865985
0.2670803
0.28636906
0.2651795
0.23878694
0.31572458
0.26674268
0.27953744
0.24905598
0.2750266
0.23216929
0.28368416
0.22883755
0.27858686
0.28619623
0.25158525
0.2816745
0.2303461
0.2643643
0.3009952
0.27708203
0.25592893
0.29343
0.2552005
0.29438516
0.25494644
0.27655953
0.31341514
0.25019455
0.27901274
0.37689722
0.28094286
0.2528018
0.25461262
0.29759866
0.26237673
0.2461999
0.27098715
0.3130456
0.2019574
0.24504775
0.26958302
0.2693453
0.29170716
0.21636528
0.25303993
0.26575717
0.23933302
0.24296175
0.27873912
0.30454463
0.28853512
0.29064518
0.30725133
0.27319777
0.28091565
0.23902208
0.24062315
0.29359883
0.24293369
0.30018497
0.22698976
0.2777329
0.3214505
0.29051337
0.25955912
0.24500616
0.23194532
0.3623046
0.27366364
0.25979885
0.2526275
0.2690231
0.23403053
0.2847978
0.2637888
0.29704127
0.27031174
0.27317214
0.3628167
0.29995877
0.2472205
0.22959684
0.23920687
0.25732446
0.29230684
0.24046616
0.24712166
0.3210243
0.2660538
0.23830721
0.2934054
0.27370307
0.28839102
0.27767164
0.2638539
0.2937407
0.22495583
0.26956302
0.2493712
0.2497604
0.22884315
0.26386678
0.27410874
0.24302645
0.25642946
0.28666142
0.28264683
0.26807168
0.28688785
0.27905068
0.29798266
0.30504188
0.29013112
0.2831713
0.32206628
0.2561557
0.28852174
0.30132204
0.26613146
0.3085771
0.29725415
0.30377695
0.24937761
0.26579902
0.2581872
0.27995566
0.27932528
0.3321375
0.30092454
0.2934328
0.2744416
0.2809217
0.2541364
0.22936487
0.2173097
0.23901688
0.2739782
0.3022178
0.29066986
0.30548504
0.2792216
0.31989312
0.28943795
0.23624161
0.23052917
0.22696821
0.22559799
0.20723173
0.2567148
0.34407654
0.25846794
0.23834495
0.26717335
0.2953845
0.26508132
0.2518474
0.25233975
0.31634486
0.257988
0.3110133
0.2672241
0.27346742
0.24831444
0.2757793
0.2978704
0.31044477
0.26694706
0.3073224
0.23196521
0.2639123
0.23956259
0.23916042
0.26352516
0.29350415
0.24961947
0.23737516
0.27761087
0.24182256
0.3053122
0.25041032
0.30793393
0.24107711
0.26486278
0.2665165
0.23976532
0.27071607
0.2512357
0.3229839
0.25036356
0.28429163
0.2563629
0.2994609
0.23217563
0.28765336
0.2815155
0.27631214
0.22358827
0.23190601
0.29668036
0.24881084
0.29005274
0.24347523
0.29042685
0.23959592
0.27436996
0.30049863
0.28905812
0.3064621
0.23807059
0.3030697
0.23722054
0.33537292
0.25835586
0.26164523
0.23899664
0.23333773
0.27479237
0.24624489
0.23768227
0.24614382
0.25602373
0.28522032
0.24737906
0.31003818
0.24526656
0.21798268
0.21922523
0.25715342
0.2350629
0.26760957
0.2324968
0.24006195
0.26749536
0.25615314
0.2807615
0.26274908
0.23021634
0.27243486
0.23624404
0.23758973
0.2607785
0.2370436
0.28520566
0.26192808
0.24834372
0.23903908
0.2535572
0.2975375
0.25102538
0.26998988
0.26042378
0.22948687
0.30689874
0.2658338
0.2530919
0.3566989
0.25231534
0.29677874
0.28386846
0.33592975
0.22637492
0.3092967
0.31020156
0.3078401
0.27606297
0.31972027
0.25788715
0.28975943
0.30951142
0.30339235
0.27264127
0.25107223
0.24701896
0.27014887
0.30021808
0.23220302
0.23538518
0.23144
0.22764635
0.32288265
0.24566802
0.25193566
0.26007706
0.24832562
0.27463835
0.23301342
0.28742218
0.30855688
0.29023588
0.25088477
0.23542355
0.25829944
0.24630176
0.26548544
0.25934213
0.28294274
0.28697866
0.25075853
0.26123208
0.2663164
0.2425514
0.28373456
0.37896237
0.26971456
0.26039702
0.2494234
0.25388798
0.24845582
0.24886417
0.2499645
0.28479123
0.29756728
0.24220385
0.24840453
0.23088218
0.2734765
0.22464666
0.28332746
0.24984424
0.28777346
0.2987418
0.30745572
0.2603056
0.29916263
0.28147018
0.26712358
0.2744582
0.2324879
0.3127041
0.2546636
0.28453094
0.3083789
0.28637892
0.2586178
0.26264286
0.23527406
0.27393293
0.25174454
0.24614821
0.23047209
0.26646128
0.2817166
0.2667235
0.24302895
0.2963377
0.24742138
0.25795153
0.30902073
0.2854452
0.2756
0.27563283
0.29078618
0.26022786
0.27762738
0.26387918
0.2423811
0.28575036
0.30233544
0.3049819
0.22232883
0.28058493
0.26555046
0.31982556
0.2584423
0.26539353
0.278532
0.28003508
0.29052457
0.2938112
0.24047638
0.24576068
0.28932962
0.26687488
0.24960467
0.23840083
0.2616468
0.33706975
0.27066436
0.2207114
0.25988922
0.25118804
0.24126965
0.22316258
0.30127376
0.2549066
0.2774034
0.2835894
0.27383474
0.24580452
0.30692053
0.24126354
0.28126314
0.22762352
0.2509305
0.28980273
0.282998
0.27035344
0.25210437
0.26288098
0.32850558
0.2709802
0.2789754
0.2991584
0.21779609
0.27568337
0.24712917
0.255302
0.2587465
0.27348375
0.25402248
0.35148686
0.3225749
0.33144465
0.28151774
0.35637084
0.27708876
0.2456869
0.26206395
0.21049458
0.22910585
0.28767738
0.28602892
0.22553858
0.28005245
0.2582418
0.2850927
0.30471516
0.26671675
0.28234383
0.2802275
0.25261027
0.26931703
0.23874551
0.2861702
0.22896673
0.2511787
0.24558873
0.22903001
0.2125498
0.26725903
0.2356957
0.28278786
0.27936408
0.277815
0.21859232
0.28224412
0.24997693
0.28105822
0.23962249
0.30980593
0.2583558
0.2906208
0.24583724
0.2767758
0.23401749
0.28699958
0.29843792
0.24894644
0.28691995
0.29394284
0.32228255
0.27931723
0.2983084
0.2719712
0.2872222
0.28118092
0.2635081
0.2973608
0.28259763
0.2855174
0.2489698
0.24424897
0.31264564
0.26543006
0.23567109
0.21915995
0.31640565
0.3469941
0.24441722
0.22800003
0.27713123
0.24318513
0.30925775
0.23992714
0.2796682
0.30922958
0.207257
0.26891348
0.2393342
0.23603077
0.27474347
0.23001842
0.2489411
0.23092198
0.27317125
0.25539944
0.25828543
0.25860885
0.3153876
0.2967081
0.35059738
0.3366441
0.2729671
0.22525859
0.25041333
0.23398
0.23161666
0.26073548
0.27314997
0.2325557
0.28452465
0.25539353
0.301469
0.24089903
0.24703206
0.2802495
0.22834694
0.28997564
0.2980897
0.26566076
0.28963584
0.26179072
0.25744593
0.28242767
0.2974743
0.32467428
0.2849802
0.29179028
0.31289184
0.25742957
0.2606929
0.25861704
0.27300882
0.24627216
0.2302986
0.26215452
0.240496
0.28922063
0.27020532
0.28526005
0.26867282
0.3029242
0.30160144
0.27495867
0.25285602
0.31199837
0.30493742
0.24961627
0.26170528
0.2580091
0.2820012
0.25172475
0.26805428
0.28310856
0.26792398
0.27019057
0.24463579
0.22873038
0.29176274
0.24910693
0.2639161
0.25940993
0.33249855
0.2958078
0.27324837
0.31098562
0.23901309
0.24082652
0.26650727
0.36002424
0.2943249
0.28992924
0.29326794
0.28603515
0.23063631
0.2488069
0.25260934
0.2428069
0.30171937
0.22961004
0.2725084
0.28658438
0.31520256
0.27849463
0.35862246
0.2648441
0.24656284
0.35953492
0.25375125
0.29610705
0.26008904
0.21664149
0.29015648
0.23559818
0.29517183
0.25067893
0.2528018
0.2773743
0.27944574
0.28110948
0.2729584
0.30760315
0.27335915
0.2637577
0.22792932
0.25373018
0.31135064
0.25567043
0.24114065
0.26398543
0.3138901
0.33522627
0.36731568
0.3077048
0.29221874
0.27561018
0.23382296
0.28135324
0.2828962
0.24169192
0.33329242
0.3050492
0.25543523
0.2891541
0.2863369
0.20729311
0.3654533
0.26287255
0.25988278
0.22593707
0.29265985
0.22890319
0.27737173
0.25040913
0.25167626
0.26324973
0.2883694
0.2291977
0.23715605
0.25916594
0.25165632
0.28605935
0.21603571
0.2602992
0.32476872
0.25977948
0.2308323
0.21242438
0.28335232
0.27944446
0.22798303
0.29315412
0.27420858
0.20942914
0.24637783
0.26809368
0.24936362
0.26729015
0.23754136
0.22406328
0.23615007
0.26873267
0.24638191
0.29841784
0.2867877
0.2528689
0.2504228
0.23604791
0.24280529
0.2893425
0.38967687
0.2786153
0.32684982
0.28261802
0.27282184
0.19774689
0.22791313
0.3144307
0.21751496
0.3019142
0.2628063
0.27080718
0.30231684
0.2349225
0.2395407
0.23570667
0.2356466
0.22575136
0.27754855
0.2569032
0.312164
0.23465778
0.26050717
0.296548
0.23624319
0.24640983
0.29485142
0.3014609
0.24067573
0.23193315
0.26159543
0.26444608
0.23004504
0.24695143
0.28766856
0.25200126
0.23837952
0.22549325
0.28509378
0.2591695
0.26014385
0.28244188
0.26499194
0.24102378
0.2508202
0.30361044
0.22216262
0.2673822
0.29774013
0.25522098
0.29537708
0.2263774
0.284319
0.27286574
0.35867313
0.31137678
0.29978782
0.26375633
0.27940357
0.24740638
0.25604212
0.25210539
0.25071675
0.2430437
0.2621761
0.23042352
0.31957176
0.33876508
0.27996778
0.27023515
0.25049812
0.32248726
0.21468414
0.26066566
0.21195726
0.27085167
0.27922177
0.2959722
0.22497228
0.25119862
0.30106044
0.22855982
0.2560219
0.24563643
0.31346068
0.3319312
0.26148733
0.31012246
0.27700832
0.31297916
0.25391865
0.2262699
0.31341457
0.23066226
0.2819139
0.2601004
0.2665544
0.27717483
0.29946706
0.25830027
0.28048313
0.26801306
0.3110442
0.2830847
0.27086398
0.30799827
0.30257064
0.30320552
0.29767174
0.24312963
0.27357882
0.27943012
0.21402717
0.29808664
0.25951615
0.27450937
0.27888274
0.27076176
0.2874579
0.29121745
0.25523794
0.21070924
0.22577794
0.23235916
0.247342
0.24023505
0.27985233
0.23437847
0.26540864
0.21630354
0.29781348
0.25037056
0.256828
0.25265256
0.2644363
0.30608276
0.2345327
0.29449272
0.3386473
0.22042948
0.2793859
0.2748358
0.25078064
0.22153215
0.25449198
0.28131685
0.33746624
0.2375324
0.2751321
0.26855668
0.23829654
0.25106955
0.30032647
0.2610807
0.2948666
0.28136995
0.28069985
0.24772577
0.24895197
0.26568958
0.26923022
0.29706067
0.23332182
0.27897432
0.27214175
0.30631214
0.23239407
0.26697385
0.26636776
0.24092512
0.21382529
0.25195944
0.22452924
0.21322155
0.24862383
0.24568173
0.25170875
0.2791731
0.24381872
0.28486165
0.27426022
0.2556003
0.27704066
0.28148293
0.26785123
0.2938911
0.2585412
0.30895257
0.26203698
0.24209446
0.23735172
0.27517766
0.3177142
0.25577316
0.23270878
0.30237833
0.26887274
0.25750834
0.2715256
0.3263686
0.28574353
0.2714326
0.35888487
0.27134702
0.23699169
0.25207728
0.29850146
0.2651657
0.28876927
0.22715414
0.2267768
0.29085192
0.3011694
0.2862488
0.2387402
0.31832266
0.27139157
0.25449836
0.2865582
0.25674638
0.2959427
0.26947716
0.31985894
0.25745225
0.26827356
0.30421692
0.32022032
0.29389974
0.2973707
0.26522923
0.25202224
0.31872752
0.27283043
0.27274087
0.3003132
0.28879902
0.195469
0.25514236
0.27835834
0.25937092
0.250705
0.2843121
0.2513905
0.2829063
0.31159905
0.24406227
0.28525162
0.2166286
0.3117165
0.2571921
0.3573433
0.24803379
0.25359246
0.23889302
0.3350782
0.24203406
0.25080767
0.2526961
0.3166231
0.2991375
0.27891132
0.27150598
0.27698535
0.28121927
0.33064437
0.21740767
0.23963603
0.33337423
0.2669215
0.23916785
0.27048177
0.2496768
0.29873386
0.22915551
0.28521234
0.32318977
0.26049814
0.2508239
0.26505205
0.24007444
0.2414863
0.30895597
0.22559404
0.2854668
0.28482363
0.25882822
0.25276297
0.24496801
0.27611533
0.23229091
0.23813361
0.3180347
0.24490939
0.29713508
0.3044972
0.24572946
0.26086116
0.24396566
0.33030102
0.2593355
0.2562133
0.21994369
0.24539945
0.21448548
0.26756933
0.2693092
0.25196767
0.27742222
0.27536806
0.24090193
0.25850436
0.21525246
0.27279127
0.2711109
0.25100073
0.26833624
0.20435917
0.26755348
0.2865777
0.24796364
0.30553883
0.24111922
0.23893063
0.25000498
0.2589394
0.26758665
0.29330242
0.2736989
0.23604594
0.30424362
0.2788109
0.3026531
0.23113081
0.2570631
0.29403955
0.29833007
0.24497607
0.23921165
0.28499407
0.3391129
0.26437122
0.27048957
0.2812528
0.295354
0.23083706
0.23636849
0.28250134
0.28306156
0.25293285
0.24509937
0.25174168
0.25915042
0.22161977
0.27596647
0.24612005
0.3526699
0.2469998
0.2796405
0.23744737
0.21577369
0.25015706
0.24323909
0.2619052
0.24960566
0.3055296
0.31666848
0.26085985
0.30523127
0.26443595
0.26361057
0.27333212
0.21551608
0.30147102
0.24168324
0.29169497
0.27561513
0.25235215
0.26275858
0.31730118
0.2933073
0.2627162
0.26321274
0.28396437
0.24153015
0.285925
0.3039842
0.28266796
0.28187913
0.24347453
0.2909912
0.23848872
0.24058342
0.32765996
0.24787062
0.23656203
0.3304862
0.30056807
0.28517702
0.23456544
0.3169239
0.21556938
0.2547309
0.28464347
0.22491941
0.35400483
0.28148967
0.2516771
0.26356184
0.23410621
0.27434582
0.31580466
0.26513827
0.24092595
0.22688867
0.25724474
0.32014632
0.26191604
0.28816047
0.25497213
0.24053936
0.255335
0.28557962
0.2683995
0.23334472
0.2685571
0.29970443
0.2698212
0.26610956
0.25534856
0.3298831
0.25945115
0.25768444
0.33262554
0.2550907
0.25692838
0.24026358
0.22055799
0.28104034
0.25643504
0.26018044
0.24518539
0.3360546
0.24206853
0.24804823
0.24824736
0.29792824
0.28602588
0.22299242
0.25547776
0.21259178
0.2489351
0.235556
0.30246973
0.302016
0.2839915
0.26322114
0.23436522
0.31936336
0.25848147
0.22151054
0.30343863
0.28747153
0.2638516
0.26463705
0.25353333
0.27466506
0.25545564
0.22979355
0.27384618
0.21751338
0.2725396
0.25173998
0.2972535
0.35764825
0.23264156
0.27918118
0.2241181
0.2785318
0.29235074
0.33166924
0.23155256
0.32106823
0.30529016
0.2321441
0.27869505
0.28271174
0.23683362
0.28237113
0.25203863
0.25945926
0.27799416
0.27614146
0.2533238
0.31070945
0.26337248
0.25714025
0.20670836
0.28422987
0.25889632
0.27234972
0.22717178
0.27660212
0.2824083
0.2626311
0.26881924
0.28568906
0.25550067
0.27626988
0.26776826
0.23448476
0.30690998
0.21501444
0.2681829
0.2633571
0.2350739
0.36084414
0.22403878
0.28352255
0.30158356
0.24081045
0.28314236
0.24731727
0.24998611
0.24077006
0.25447044
0.2905044
0.24187511
0.3087883
0.27844825
0.2807204
0.31080198
0.28422236
0.32467073
0.24113843
0.2881823
0.23913333
0.26387346
0.25055352
0.26223657
0.27930105
0.25427997
0.23042983
0.22793761
0.30379733
0.273021
0.23791182
0.32707074
0.26926327
0.26007697
0.24896213
0.28808546
0.26165074
0.27576685
0.23883255
0.26281005
0.27786106
0.23729444
0.30859628
0.31320027
0.22909214
0.23215719
0.22091722
0.29211473
0.22743239
0.26531097
0.24544503
0.31287012
0.25804105
0.2731441
0.3563101
0.29318404
0.31119373
0.2603553
0.22818318
0.27465972
0.2741424
0.2825155
0.23892987
0.3230283
0.27755943
0.26107565
0.31748945
0.2872173
0.25596496
0.32376277
0.2465186
0.26096746
0.26458123
0.24845824
0.258017
0.27145356
0.23511869
0.27112362
0.31040907
0.31785882
0.24313152
0.22754459
0.28692836
0.25317368
0.31017748
0.29230446
0.25166333
0.32232663
0.2955567
0.29723826
0.2833543
0.3225968
0.23413962
0.23316467
0.3044463
0.24987793
0.27218053
0.2571398
0.22279453
0.30782288
0.31465846
0.29521918
0.25209913
0.30286083
0.30707127
0.21616696
0.25359184
0.24397403
0.26201245
0.24564697
0.26935497
0.27195147
0.26683623
0.24653448
0.23680285
0.27418426
0.2526948
0.28238526
0.255454
0.28560886
0.28779992
0.21959652
0.26017332
0.26540127
0.27497694
0.22882502
0.29741752
0.28459015
0.32117853
0.2765783
0.22729447
0.22684284
0.32350153
0.24063033
0.23968777
0.31899327
0.29353604
0.25539577
0.26843885
0.30511764
0.22157809
0.27616385
0.23071761
0.24544714
0.26890108
0.26045302
0.27784634
0.27617747
0.23130365
0.27445558
0.25150788
0.2900447
0.27006245
0.27416
0.26178566
0.22239624
0.26909745
0.2717927
0.217101
0.2661476
0.23923302
0.33898258
0.35514098
0.26858032
0.25317624
0.27237612
0.26608896
0.28340343
0.2871666
0.23425153
0.28928703
0.2819072
0.23353836
0.23888497
0.27220273
0.29883945
0.31552875
0.23542444
0.3338665
0.23555271
0.23754226
0.2536718
0.29745305
0.22102247
0.27293175
0.31776905
0.27602232
0.30897024
0.22584529
0.2593919
0.27175444
0.2863147
0.29645708
0.29128662
0.23243956
0.25020388
0.2982493
0.22763455
0.2824682
0.25500363
0.28809226
0.31363797
0.26348904
0.28008732
0.24153371
0.29293787
0.2575046
0.2590237
0.31005213
0.28815445
0.2783378
0.26138693
0.21457767
0.26097634
0.27784234
0.26780984
0.251261
0.31602198
0.2629414
0.26818416
0.28717533
0.26352412
0.3787505
0.24726163
0.2757438
0.23958378
0.25142094
0.2518166
0.27283755
0.2697412
0.22694239
0.30259055
0.28429615
0.27371427
0.26849958
0.24195668
0.26156282
0.29479608
0.32515168
0.30275455
0.26551038
0.2817282
0.31106904
0.27373192
0.30633307
0.23443435
0.28269815
0.2589726
0.2897003
0.26079717
0.24564737
0.33225232
0.27214465
0.27651063
0.24561235
0.26799405
0.2737392
0.28857374
0.24761936
0.2982836
0.20464669
0.32471684
0.26440358
0.25069347
0.25971913
0.24285449
0.22795886
0.2555383
0.23828565
0.24551566
0.2522135
0.33022133
0.2563842
0.27047774
0.30026358
0.29078954
0.29390267
0.25582737
0.3420505
0.2542558
0.25423238
0.24331798
0.25800753
0.23774344
0.317089
0.2298744
0.230027
0.27851596
0.28662264
0.2531048
0.26522434
0.2847286
0.23923984
0.25678945
0.2874969
0.28908983
0.2351503
0.26719
0.30873823
0.30934545
0.29892844
0.29389957
0.25196764
0.28337008
0.26429933
0.299525
0.28888834
0.2990906
0.22188567
0.21999975
0.2259901
0.23530172
0.24274105
0.27506977
0.27402502
0.25548106
0.3256805
0.24374197
0.2628252
0.32376656
0.26687306
0.25224555
0.28066954
0.26181784
0.30740732
0.28070888
0.24493334
0.27072272
0.27970812
0.26590684
0.26876646
0.26653975
0.2582267
0.24437466
0.24070354
0.2503187
0.21482067
0.2919617
0.3411863
0.32840312
0.23528272
0.26156148
0.23786649
0.23259698
0.28207895
0.27475786
0.2593028
0.26571083
0.22440216
0.3391205
0.2215671
0.27256393
0.26781243
0.24828534
0.28195927
0.24643414
0.25593114
0.29642344
0.2725054
0.31079224
0.2647897
0.258229
0.282435
0.2660445
0.26364478
0.3335915
0.34087074
0.23847234
0.27913985
0.25987136
0.32832238
0.28159627
0.22245963
0.26631564
0.28968287
0.26229194
0.32338116
0.24641415
0.27311304
0.25382885
0.27026027
0.23569836
0.3391965
0.21009572
0.31154442
0.2908967
0.28785932
0.27954522
0.27968964
0.23528858
0.23170398
0.24470049
0.25588486
0.24591145
0.3058196
0.30021065
0.23887482
0.29653275
0.27916342
0.28638935
0.26740915
0.2847651
0.2166824
0.29645276
0.2532112
0.2679583
0.23948637
0.2987304
0.30544016
0.23547933
0.2831646
0.2699544
0.32815304
0.24571253
0.26167446
0.22480328
0.26691666
0.24813914
0.28541824
0.24823187
0.24286096
0.3016898
0.25281692
0.29804206
0.30711177
0.2693042
0.2620161
0.22992752
0.26727998
0.27286956
0.29939556
0.2345083
0.30362722
0.24647167
0.2466558
0.31093392
0.29379728
0.2674101
0.24531513
0.2595783
0.33416095
0.24774031
0.23550704
0.2207224
0.26472008
0.22305904
0.3203328
0.24984433
0.2854455
0.28475735
0.29704744
0.29078454
0.26398292
0.2437962
0.32474044
0.25263706
0.22125964
0.23053776
0.23286459
0.24450506
0.2225644
0.26239127
0.23523827
0.25351688
0.2504309
0.30842167
0.26804283
0.267487
0.28496367
0.23574768
0.31021473
0.25161022
0.24553244
0.29052788
0.25548792
0.26308846
0.2651325
0.296857
0.26171708
0.26378915
0.2580372
0.24158931
0.2671142
0.26744723
0.2467125
0.21793297
0.22775912
0.21441694
0.24199893
0.22610225
0.3221336
0.2945746
0.24830115
0.30994916
0.27573165
0.22997229
0.27860978
0.23226325
0.28712648
0.23133345
0.22011109
0.24772142
0.25250557
0.23923418
0.2912696
0.29421932
0.28865513
0.27551928
0.22975306
0.28358722
0.23577265
0.24959268
0.28699943
0.2939274
0.22460932
0.2488538
0.23515101
0.28617713
0.27050847
0.20776524
0.2557264
0.27016222
0.34182036
0.26185513
0.26947632
0.2724293
0.26694676
0.28557804
0.2783429
0.29569846
0.24954227
0.26276731
0.32310405
0.24443066
0.23423313
0.23779844
0.27154383
0.28214318
0.24647173
0.23754105
0.28311098
0.2718717
0.393842
0.33335495
0.25643587
0.26746866
0.2722672
0.23560704
0.27421746
0.22831649
0.3054404
0.2727483
0.27388602
0.25716263
0.2728907
0.28818247
0.3299567
0.23088323
0.25502008
0.27203345
0.2637997
0.2628063
0.248341
0.2721231
0.27014062
0.27786565
0.27044198
0.25704873
0.30809748
0.24576408
0.29175416
0.27261323
0.20898834
0.22643825
0.26152682
0.25763968
0.29487237
0.33360243
0.28769073
0.29346305
0.28950843
0.26687962
0.24681064
0.2278817
0.23531418
0.23365626
0.28940073
0.24185073
0.2645213
0.23951241
0.26855746
0.2619555
0.25195664
0.28262636
0.29404774
0.24756642
0.27390122
0.24229476
0.22862174
0.3715683
0.23841554
0.3303972
0.2411573
0.24589697
0.29438862
0.2917888
0.32656685
0.22183795
0.24409173
0.25882566
0.25211206
0.23859063
0.30869508
0.2711402
0.27945367
0.24252312
0.25066087
0.3082578
0.23137094
0.27525035
0.23141202
0.27205715
0.26089564
0.23140988
0.2481745
0.27691066
0.2369794
0.24134623
0.27044338
0.2509835
0.28983796
0.33267915
0.33149084
0.29977494
0.33919623
0.30372876
0.3107541
0.26458955
0.25691667
0.2627313
0.29198116
0.31209606
0.24095616
0.28709877
0.30851912
0.25789002
0.24294376
0.30369124
0.22769234
0.26512524
0.2652994
0.24186863
0.2634593
0.24098162
0.30533525
0.27488518
0.23435482
0.2583806
0.29620057
0.26534793
0.2819432
0.31094065
0.25532472
0.22049521
0.22076026
0.27931687
0.26539722
0.23818438
0.282618
0.24787836
0.23721534
0.23924136
0.23392238
0.24296996
0.24489191
0.24241175
0.25369906
0.27325374
0.28580785
0.28215793
0.2498081
0.25279507
0.31575957
0.2475332
0.22294569
0.2814799
0.35845202
0.31511453
0.28012657
0.25848106
0.28748992
0.28816435
0.24579206
0.3506994
0.20455074
0.26614356
0.37259227
0.26322177
0.26831022
0.2791454
0.27201447
0.2557691
0.29325557
0.26785886
0.24831668
0.3630713
0.3058648
0.24328491
0.24978365
0.26598886
0.26499912
0.2653488
0.2686956
0.28118572
0.25125015
0.2937931
0.3009495
0.26909637
0.334869
0.26999104
0.32211202
0.2634406
0.22396664
0.3048703
0.30672708
0.26877475
0.2652636
0.2564738
0.27688128
0.33129978
0.24842922
0.33142844
0.21494335
0.2797721
0.2431051
0.25973597
0.2406229
0.3080707
0.2523936
0.23322031
0.27642974
0.33767518
0.20111465
0.26096183
0.21663818
0.27254555
0.22581777
0.2601266
0.25479823
0.23993132
0.25951976
0.26482314
0.21612214
0.25801253
0.22496355
0.23199478
0.2572646
0.24578418
0.2544843
0.25764483
0.24235442
0.2556357
0.24791153
0.266283
0.22653256
0.26732805
0.259009
0.24308887
0.2265059
0.28949392
0.26396134
0.22613066
0.2371928
0.24859457
0.25576246
0.20827432
0.25276402
0.3303628
0.27776223
0.3182516
0.26258802
0.26361358
0.28484425
0.2981748
0.28689665
0.24344335
0.28924626
0.23216875
0.290521
0.2442922
0.26053172
0.23090757
0.281832
0.2523855
0.24073462
0.31460556
0.2521682
0.26623926
0.2659631
0.23785539
0.2563766
0.26501068
0.29871216
0.26357916
0.24562156
0.2571676
0.20790443
0.23477733
0.28039816
0.25197122
0.29610637
0.27386743
0.24177562
0.2516725
0.25414622
0.23511323
0.25318938
0.25500408
0.2524221
0.24598381
0.27075875
0.25022635
0.22922753
0.2365657
0.25127286
0.23521534
0.27891883
0.2573527
0.2841301
0.23671445
0.22894053
0.20533502
0.2888572
0.2459582
0.28441414
0.30048177
0.23064686
0.24028505
0.25986934
0.23302639
0.29752934
0.2524806
0.24006185
0.21984859
0.23788011
0.2773497
0.28373814
0.27983463
0.26363686
0.34652656
0.24541357
0.25192365
0.31855932
0.25420523
0.2546385
0.25753683
0.27481794
0.28681812
0.27976522
0.22896147
0.3660923
0.25215167
0.29608554
0.25288323
0.24057159
0.26295704
0.27469128
0.2660495
0.27234623
0.2861234
0.25161746
0.27333367
0.30833524
0.2895544
0.26327822
0.2652056
0.25282228
0.258996
0.2633889
0.29648194
0.21580265
0.29570556
0.2517988
0.27788043
0.29601413
0.3169172
0.278306
0.27032897
0.27411634
0.22016206
0.3030097
0.25345767
0.24841501
0.25961825
0.2842088
0.25434467
0.2248974
0.3689953
0.29780197
0.28295946
0.34198713
0.2728422
0.30744034
0.2836228
0.25652868
0.29768673
0.23885052
0.33683994
0.2904385
0.30140722
0.27165294
0.2678555
0.3020471
0.30379277
0.26177546
0.24660957
0.21015337
0.2660702
0.3992358
0.2689119
0.32952636
0.31407654
0.2589523
0.2436338
0.2717516
0.23704202
0.2788306
0.298371
0.28167525
0.25339556
0.3257183
0.24418147
0.2927268
0.30246818
0.27539945
0.28392634
0.28323418
0.27308008
0.2897485
0.24148466
0.2812166
0.26149967
0.24805233
0.31330398
0.22842266
0.22375643
0.24506047
0.24678852
0.24623969
0.30183458
0.24917926
0.27694172
0.24171013
0.2501577
0.28134555
0.26055285
0.24571897
0.2635833
0.27766898
0.31858203
0.2508689
0.22792695
0.28904203
0.27073723
0.32193553
0.29114795
0.27547017
0.28712696
0.29327643
0.290512
0.3116354
0.2421681
0.23922704
0.20603293
0.2530986
0.2472626
0.2847313
0.25145462
0.24141805
0.29068384
0.30560938
0.23975979
0.28396824
0.29086187
0.34860983
0.30973798
0.24112624
0.24410114
0.27921546
0.21996237
0.27153963
0.25304985
0.28201136
0.2879907
0.22772026
0.23287846
0.30721343
0.36215782
0.25549242
0.20987223
0.24448554
0.24327594
0.3013585
0.23935479
0.2370617
0.27007204
0.23720552
0.26389664
0.25825182
0.26678938
0.23777626
0.3014383
0.2902683
0.20857136
0.34929115
0.24081142
0.29673302
0.23675391
0.28384367
0.24474256
0.28134796
0.23033057
0.22163288
0.2852525
0.2500897
0.27434242
0.26392555
0.28113094
0.2853137
0.22135301
0.31747732
0.30345097
0.26749578
0.29577908
0.32946068
0.2604523
0.25160727
0.24086419
0.24279663
0.27623755
0.25621784
0.29762
0.26311988
0.24613877
0.24565019
0.24459937
0.2422423
0.26272315
0.2901967
0.27900705
0.21212119
0.31197405
0.28928077
0.3222871
0.22989729
0.2819035
0.24661572
0.2829849
0.2512904
0.24440895
0.257228
0.26550946
0.27249485
0.22273798
0.2565379
0.22175993
0.25403193
0.2913021
0.28169918
0.28390548
0.2607624
0.23357095
0.3313618
0.26776442
0.23039035
0.2821178
0.2476657
0.28486475
0.3084465
0.2717944
0.24762915
0.27765992
0.2812215
0.2823521
0.22769183
0.29235196
0.25373667
0.25450274
0.2842623
0.2314857
0.28560635
0.2563485
0.30782616
0.30499968
0.2727701
0.27817798
0.2784101
0.32727942
0.25232354
0.27819592
0.2623252
0.2843013
0.2480271
0.33167392
0.26297852
0.25225914
0.30455285
0.2769577
0.2446975
0.29919994
0.29341742
0.3218862
0.2708374
0.30035746
0.2780701
0.29536992
0.26204512
0.30822322
0.25730938
0.2767642
0.2512704
0.23926386
0.3095608
0.3171475
0.26752475
0.31691805
0.21737127
0.30686194
0.27698767
0.25738823
0.28040627
0.24898508
0.23655157
0.25739354
0.2545091
0.22321355
0.29516315
0.24897408
0.32217303
0.30209428
0.30054808
0.2752898
0.24715535
0.34679902
0.24469462
0.21585546
0.273777
0.2655771
0.22276093
0.2896086
0.237763
0.2865019
0.3215932
0.25577667
0.29784814
0.29636678
0.2978254
0.29906544
0.38277802
0.23732397
0.24180382
0.26510012
0.2890434
0.33105454
0.28296843
0.26263043
0.23581576
0.2482394
0.26635373
0.25180438
0.22861862
0.31470472
0.25381932
0.2697054
0.27249926
0.26354268
0.26545733
0.27211455
0.30840322
0.28802365
0.24247105
0.26025695
0.19727983
0.22321373
0.26375428
0.24412288
0.25475967
0.27050865
0.30891734
0.24125317
0.23609558
0.3107981
0.28803
0.27530074
0.2882706
0.29581958
0.25118372
0.27483597
0.3046989
0.27681217
0.2758613
0.24426427
0.24577455
0.2714674
0.25226772
0.28696042
0.2617806
0.24205479
0.26393977
0.27361035
0.28869855
0.31911698
0.25591213
0.26087648
0.27087662
0.3016765
0.217827
0.25939274
0.23814516
0.28060433
0.2673671
0.26283616
0.2670956
0.22160071
0.2780394
0.24510428
0.25789258
0.24555072
0.22055133
0.34217122
0.24446134
0.24928796
0.29598436
0.2593237
0.25547394
0.23623748
0.2629499
0.26281574
0.30884755
0.27412754
0.23870187
0.25175884
0.28566876
0.3005544
0.27611446
0.2765658
0.28147104
0.29468495
0.299529
0.32497978
0.32049507
0.23391345
0.24256074
0.28849316
0.32270363
0.24526174
0.22291748
0.25479025
0.31051376
0.25827083
0.25138247
0.32803386
0.25859362
0.2569944
0.28143382
0.28216705
0.2998597
0.27416444
0.28077796
0.2458282
0.2776374
0.27537087
0.21283635
0.29744384
0.28665757
0.2537921
0.2748128
0.23265567
0.2515441
0.3210183
0.24746515
0.26966155
0.31229493
0.28038225
0.29978898
0.23216099
0.27148432
0.2284903
0.23549603
0.29722604
0.26148853
0.25331795
0.278305
0.2751517
0.2654637
0.22617866
0.27329284
0.26235345
0.29965618
0.24471991
0.26291865
0.2512551
0.27697212
0.22414388
0.2934792
0.290251
0.24289921
0.31768656
0.24571791
0.2633484
0.26589373
0.18835704
0.27493745
0.36075032
0.27104774
0.32332513
0.30961773
0.2385438
0.3133538
0.2817244
0.2657803
0.25635895
0.26040268
0.2822439
0.30097812
0.25538263
0.27067012
0.2848216
0.29891577
0.23197237
0.23152523
0.23552418
0.24169064
0.2527147
0.3094095
0.27462727
0.28328478
0.29433936
0.2736702
0.25192508
0.22684985
0.25306457
0.296857
0.24604446
0.2433154
0.2237123
0.29836997
0.30373284
0.266677
0.2484991
0.28364143
0.3727796
0.271774
0.29230988
0.24425708
0.22965296
0.2616683
0.2931345
0.24817139
0.2549033
0.25477552
0.2731863
0.22498006
0.27109492
0.26310906
0.28335947
0.29280257
0.21993944
0.2651124
0.30389985
0.25947946
0.21113585
0.2946853
0.27770215
0.28556716
0.2442784
0.24360098
0.27231708
0.27563775
0.28905722
0.24279793
0.29355085
0.2428582
0.24177505
0.270031
0.3062964
0.29014084
0.24837911
0.25366205
0.28900263
0.31088993
0.18481149
0.311353
0.26264802
0.2562148
0.26279894
0.2377921
0.23258464
0.29554492
0.29625612
0.23554175
0.25695485
0.30324304
0.220005
0.28458887
0.24515945
0.24557707
0.26054642
0.22822687
0.21050443
0.28241304
0.2736828
0.27750784
0.29279903
0.3275702
0.23318304
0.216877
0.2802923
0.29338267
0.2899943
0.23073569
0.2732555
0.26555973
0.25135174
0.2943272
0.25641426
0.26249745
0.30729198
0.2700527
0.3043361
0.2580642
0.223705
0.2271153
0.26006934
0.25226238
0.26129216
0.2922091
0.27790406
0.2414539
0.3175018
0.29651666
0.23962292
0.23587942
0.24198407
0.2989452
0.2844415
0.21910387
0.32779443
0.27209473
0.28031588
0.22113338
0.3051429
0.3331231
0.248455
0.25480846
0.27540725
0.3096878
0.22786021
0.29774052
0.28590354
0.3145543
0.28987303
0.30451584
0.24152863
0.22647664
0.29909337
0.24836138
0.23650423
0.23983234
0.31894672
0.2780177
0.2718988
0.3222834
0.24726565
0.24670212
0.28312072
0.25235546
0.34305474
0.24365106
0.2817917
0.276528
0.23472048
0.25278148
0.27015662
0.24900548
0.2549357
0.29516968
0.23821187
0.23076297
0.24834552
0.29740173
0.24337894
0.24130175
0.2415945
0.31158942
0.23959343
0.28289106
0.25470683
0.26352006
0.2902608
0.28780365
0.2395296
0.24282834
0.26228687
0.23762718
0.23956303
0.27147114
0.32474816
0.25959513
0.27949634
0.32892734
0.30654788
0.2505854
0.2280047
0.2973106
0.26844555
0.28093103
0.22655004
0.24508086
0.29615122
0.27293557
0.25809237
0.23319586
0.27770695
0.26393613
0.2703108
0.34549218
0.27216667
0.2671615
0.25265735
0.2639959
0.26146606
0.25878456
0.29529342
0.25859696
0.27056155
0.27249637
0.27077568
0.24284583
0.25957295
0.267634
0.26964536
0.2711308
0.24605998
0.3521641
0.20914672
0.28049645
0.22935759
0.26035115
0.3185119
0.27041698
0.25501123
0.24743783
0.25371245
0.27760744
0.27938908
0.26546088
0.2567033
0.28090897
0.22074904
0.2628332
0.26509327
0.23953621
0.22323698
0.28783226
0.26744404
0.23267156
0.20955175
0.2507257
0.26715782
0.27290887
0.23449339
0.3391704
0.30310977
0.26677045
0.25324976
0.24553636
0.2780352
0.29242334
0.2663621
0.22769369
0.27342686
0.31323507
0.24306633
0.2257351
0.30630302
0.27094895
0.26032057
0.28024268
0.2438806
0.26744553
0.3008736
0.24041405
0.30141953
0.29829046
0.3002105
0.26517743
0.29069412
0.27592215
0.2353048
0.23077285
0.29049206
0.24307258
0.21185875
0.23841281
0.31878865
0.29067394
0.25855067
0.29346475
0.29948932
0.3033246
0.2803939
0.38857153
0.23505013
0.26224595
0.23059726
0.23968492
0.28208652
0.24015735
0.26201987
0.35755566
0.25483322
0.23571393
0.3181089
0.2833553
0.24596302
0.27619472
0.25353828
0.2861595
0.2494298
0.25312144
0.2709311
0.33591172
0.27661502
0.25184184
0.27870357
0.33970177
0.24801446
0.21952236
0.27367428
0.26486015
0.22100693
0.3304662
0.29328686
0.27177405
0.29938695
0.24701501
0.28593457
0.2581679
0.28812328
0.29269865
0.2781783
0.26486027
0.267719
0.27563184
0.23960187
0.3137308
0.28470588
0.26446652
0.26806933
0.28673944
0.25315598
0.2587432
0.33005768
0.26513997
0.24661165
0.21581846
0.23849778
0.272365
0.27294838
0.24668212
0.3168042
0.23016964
0.26360512
0.27404177
0.25082755
0.25551602
0.2281579
0.2821716
0.24613611
0.24203277
0.29022568
0.2234735
0.37377375
0.29658207
0.24867027
0.26761788
0.2164127
0.28777707
0.28694168
0.23220834
0.26034263
0.29753512
0.27070555
0.2557028
0.2666267
0.2807169
0.30176052
0.24791484
0.22418423
0.3046608
0.22003494
0.28703377
0.24869533
0.29272822
0.3167582
0.35802957
0.24593954
0.21504363
0.26419124
0.2239571
0.27977538
0.28554383
0.25150365
0.21385235
0.29924268
0.27421746
0.24924874
0.23319194
0.30754912
0.23826861
0.2569926
0.25496092
0.24361184
0.2662046
0.22276822
0.23185337
0.32499635
0.26351666
0.2710957
0.28887352
0.2501718
0.32036307
0.27663478
0.33620274
0.30160215
0.2505347
0.26199475
0.23825647
0.2937486
0.25208727
0.2799116
0.23712176
0.28422874
0.2331076
0.27391243
0.2999573
0.2436694
0.26854524
0.24999654
0.2841812
0.3284611
0.24012491
0.2363532
0.2577335
0.28723085
0.2589581
0.26426107
0.29176223
0.28796077
0.30215067
0.24988924
0.3234254
0.30261675
0.34785917
0.24682285
0.26724768
0.27845743
0.34875453
0.29629937
0.2608637
0.3060866
0.26363972
0.21819618
0.32582974
0.25954303
0.26484567
0.3130495
0.2089105
0.26407593
0.29089004
0.27891263
0.29073223
0.3016826
0.2210647
0.29415625
0.3477017
0.23549128
0.2326379
0.23351687
0.25462466
0.21992265
0.25617263
0.26406437
0.2745721
0.23890391
0.29633036
0.28904608
0.22518145
0.23507571
0.23551941
0.23525812
0.27509096
0.23735924
0.29203695
0.2666091
0.28973705
0.28673458
0.20804177
0.22138327
0.29833043
0.23066138
0.27995443
0.23325358
0.2518531
0.2985494
0.2842197
0.25271535
0.23701823
0.2453705
0.28073573
0.26394874
0.23545069
0.269634
0.27674368
0.27022448
0.29231334
0.27444756
0.27111182
0.2747672
0.26033473
0.25260386
0.2730792
0.21680534
0.23024313
0.3247085
0.2559583
0.2628967
0.32626322
0.30461928
0.29556382
0.24807651
0.3406697
0.25031677
0.22252843
0.21273766
0.24775425
0.2927108
0.28173828
0.25742286
0.36080456
0.25072858
0.31295347
0.251149
0.31385267
0.21386765
0.2605091
0.2931854
0.24814643
0.31480834
0.35146996
0.27214298
0.28129786
0.33024287
0.30397147
0.32916778
0.27157822
0.275674
0.26366585
0.26241317
0.2909008
0.25195622
0.22273578
0.24628702
0.2789646
0.29512095
0.26704738
0.23959006
0.25518048
0.2454241
0.28545406
0.23671186
0.25500676
0.25251648
0.29178196
0.22533125
0.24579029
0.2834169
0.31540024
0.24252287
0.26189536
0.25538564
0.3232268
0.21970901
0.2749201
0.24013731
0.28053683
0.27644476
0.26936555
0.29229105
0.25260264
0.26380935
0.3114824
0.26435634
0.28915766
0.2564669
0.2960235
0.2395669
0.28765953
0.21390978
0.24392658
0.29212597
0.29786348
0.2356609
0.26658237
0.24000454
0.29570746
0.22896688
0.21651231
0.30220112
0.31588244
0.2054391
0.2842618
0.25338322
0.26170117
0.30345318
0.29506478
0.21834648
0.23969643
0.27533925
0.2625772
0.32254025
0.29809543
0.22681521
0.29084772
0.2898696
0.24122736
0.2804397
0.32149687
0.23947188
0.26670343
0.28084642
0.23781836
0.31412908
0.24498397
0.32139727
0.3122597
0.26875725
0.2553604
0.27952084
0.23236234
0.24677283
0.2334396
0.2885451
0.30022314
0.32508323
0.25922456
0.2596231
0.25113058
0.27287912
0.34489855
0.28207436
0.2316892
0.26363236
0.24380799
0.24492335
0.2551675
0.27667686
0.24622147
0.28769445
0.2493573
0.2607539
0.27361634
0.25054735
0.2719228
0.34003055
0.27306002
0.30299613
0.22981063
0.2757201
0.24002223
0.24981156
0.30237785
0.25398117
0.27645424
0.27032498
0.26647952
0.28674453
0.3372533
0.21983227
0.26580727
0.30534253
0.27799308
0.26217675
0.24770306
0.252688
0.22557443
0.27614355
0.27423173
0.27337894
0.25233296
0.2796551
0.2790056
0.2843472
0.30493233
0.24296045
0.29507926
0.2898915
0.24663329
0.23449507
0.2780691
0.32217574
0.2824266
0.23853838
0.26730952
0.23778711
0.22105092
0.30282345
0.2555845
0.28745487
0.34148794
0.29781002
0.26436916
0.28651178
0.23856734
0.20163062
0.2570543
0.30064806
0.3150647
0.28854743
0.27522367
0.28836685
0.24718632
0.2322645
0.2935629
0.23422539
0.26121962
0.3046715
0.28379616
0.26486868
0.30438426
0.34345028
0.32363108
0.26408577
0.2627341
0.25819358
0.23328756
0.2677594
0.2813893
0.26396143
0.2739536
0.29714957
0.2183614
0.33140197
0.25131705
0.25892204
0.24738623
0.2483905
0.25832883
0.29261357
0.23270419
0.2242543
0.246558
0.27657261
0.21169698
0.37330407
0.22861858
0.25591132
0.2799058
0.270606
0.25142482
0.22095065
0.2772876
0.25758457
0.25144872
0.23463477
0.21084258
0.25554454
0.23128511
0.32874176
0.29743356
0.24199052
0.2834668
0.23431651
0.2526157
0.22695939
0.22408484
0.26114047
0.28746268
0.30691862
0.2705886
0.2846254
0.2863607
0.251578
0.2548642
0.32105553
0.26698792
0.25353977
0.23134169
0.27210253
0.21021159
0.2922276
0.25872496
0.25246137
0.27479258
0.3201638
0.28820825
0.21362162
0.26902094
0.2937026
0.23548858
0.29604858
0.3056801
0.30340394
0.30030167
0.2732631
0.25145218
0.23228483
0.20263301
0.26930037
0.24806853
0.27929288
0.25691542
0.23902993
0.28267384
0.2594848
0.29302678
0.25786448
0.209752
0.31808168
0.26514792
0.25243473
0.2655181
0.24287772
0.2513064
0.2252049
0.27196363
0.2463414
0.28135622
0.2972496
0.3008487
0.23613538
0.22466299
0.2291118
0.2902406
0.29135543
0.2529685
0.25041297
0.26766503
0.33669308
0.2751771
0.27313238
0.23168972
0.23767036
0.24950208
0.2494861
0.25767204
0.2277755
0.19949937
0.20918262
0.25200984
0.2801561
0.3553754
0.28991026
0.2502419
0.23156114
0.273125
0.27408755
0.22762689
0.21413237
0.22867604
0.26150706
0.24499516
0.25552753
0.27297845
0.26077968
0.27117202
0.28433323
0.29444504
0.22646432
0.27236274
0.24472365
0.23279625
0.2721933
0.25512564
0.2729377
0.29542497
0.29184914
0.25610766
0.2163243
0.21306728
0.30600795
0.265665
0.28396234
0.2510131
0.3073881
0.28056154
0.28919235
0.21296921
0.2410601
0.2482107
0.2609882
0.2679342
0.31476918
0.2671366
0.28531605
0.23618193
0.29580325
0.27285945
0.3154741
0.3020908
0.2556743
0.28526017
0.32759315
0.2668924
0.2518461
0.23011047
0.2833545
0.32021388
0.31695658
0.26554477
0.25318602
0.24677166
0.2641768
0.271521
0.2977494
0.30405214
0.24273835
0.25691226
0.26296583
0.30066615
0.24747376
0.27781382
0.33030233
0.27283716
0.2778147
0.22884409
0.2929675
0.19917268
0.23875013
0.25326625
0.25949478
0.24161445
0.3049335
0.2551098
0.25460842
0.21513964
0.2897871
0.25945422
0.22469513
0.24107268
0.28571302
0.30670476
0.2818268
0.2882252
0.25896293
0.24823578
0.25944027
0.29458305
0.26523855
0.24426451
0.25744626
0.25118488
0.24566239
0.27484125
0.2592383
0.303588
0.25426373
0.35405332
0.27477205
0.23203354
0.25584346
0.2955841
0.28346443
0.30149066
0.23533253
0.24364807
0.28503308
0.2902964
0.24782465
0.2569831
0.30342215
0.25271964
0.23916432
0.26437205
0.30883557
0.27912492
0.23742253
0.2575116
0.28566864
0.2435703
0.23063098
0.28403533
0.2361191
0.26226854
0.2562644
0.26745594
0.28911906
0.31835526
0.27265608
0.29774335
0.2694285
0.3090552
0.284915
0.30378637
0.29708397
0.250826
0.22830673
0.26829252
0.26350567
0.27895108
0.2999594
0.2788776
0.2804593
0.24289455
0.2636409
0.27690655
0.25173998
0.26333904
0.25845727
0.27748415
0.22912455
0.24882165
0.25565308
0.28032064
0.26895025
0.27318397
0.28929412
0.24315731
0.29321918
0.26048598
0.27989593
0.23824513
0.229423
0.2987243
0.23650102
0.31397676
0.28843504
0.21434975
0.26525
0.26848078
0.2685949
0.28567874
0.26717767
0.23399259
0.27292863
0.24198702
0.23496775
0.27438483
0.28519496
0.2907841
0.23714913
0.29174355
0.25196454
0.324836
0.26672336
0.26415268
0.2460336
0.27596626
0.2231963
0.28059104
0.24980852
0.24749899
0.25396952
0.287489
0.2387629
0.2673696
0.2580805
0.20956789
0.25176534
0.28162602
0.27805874
0.2553975
0.33298638
0.2613278
0.28326935
0.28287554
0.26541778
0.26994666
0.2750064
0.26599106
0.24967876
0.27779824
0.33359537
0.24727936
0.30633208
0.26988065
0.26533157
0.2920796
0.3361716
0.24841079
0.23437564
0.30666023
0.29251486
0.3060005
0.26879203
0.26292157
0.26211226
0.24748625
0.30195472
0.2734025
0.35577193
0.27263433
0.25260967
0.24626976
0.23973167
0.26729333
0.30059075
0.29448193
0.2529472
0.23445597
0.22764364
0.28445977
0.2752346
0.24595329
0.26000425
0.29739532
0.28935528
0.2383137
0.29599622
0.25789204
0.2687732
0.30777508
0.28193974
0.2534158
0.28865603
0.32049286
0.26733258
0.27054855
0.27284
0.25982893
0.2610542
0.23968159
0.26030627
0.22853023
0.27131423
0.21930964
0.2796688
0.29679728
0.2686628
0.31640565
0.24037848
0.25109237
0.31613874
0.2506485
0.28206947
0.30855224
0.24832185
0.26375043
0.24069175
0.26672152
0.30181855
0.2626815
0.30568227
0.25498402
0.2707945
0.2544258
0.29148775
0.34479475
0.25460735
0.22717535
0.2878712
0.25886342
0.27476123
0.22006375
0.32190812
0.27233788
0.26026565
0.23616406
0.28983232
0.22229123
0.2661514
0.25920084
0.2525728
0.24731062
0.31208897
0.28566462
0.24207763
0.29116416
0.2565159
0.30789748
0.2696402
0.28620082
0.22513956
0.2274708
0.23068847
0.23462449
0.27745438
0.28208306
0.2973438
0.2615741
0.26940086
0.2715267
0.2647373
0.25567302
0.26158178
0.27415693
0.25368765
0.29287165
0.28608832
0.24668838
0.25441122
0.27049845
0.22648408
0.24357511
0.23585294
0.2875647
0.29251656
0.30461782
0.24477781
0.29090872
0.2546279
0.29276016
0.21592933
0.2477282
0.24016759
0.296109
0.32195893
0.26097542
0.24088398
0.23578365
0.2640602
0.26005214
0.2743919
0.24869262
0.2711168
0.20679823
0.2574715
0.28273427
0.23506
0.28017953
0.2582173
0.25057963
0.27949694
0.25711238
0.23281716
0.26299587
0.2389377
0.21812482
0.28973985
0.20891076
0.28588176
0.28534943
0.23493558
0.23877318
0.29404092
0.24308352
0.29033998
0.32379988
0.33470082
0.24906676
0.22744288
0.22550972
0.23691
0.23961222
0.28836685
0.23863472
0.25470045
0.25586504
0.24732766
0.27772674
0.26750615
0.3128506
0.3300236
0.29818222
0.2613696
0.25429118
0.25022134
0.26743954
0.22621687
0.32415554
0.27354524
0.25205252
0.22706176
0.30921537
0.23887607
0.25037083
0.24894467
0.22842672
0.25986037
0.27795947
0.25460213
0.24768496
0.27360916
0.3003009
0.31133223
0.29451084
0.24629301
0.23950335
0.31029147
0.24302763
0.28929433
0.27259523
0.3109184
0.26101747
0.28226528
0.3609352
0.32498008
0.21155354
0.2922554
0.24379422
0.307064
0.29427025
0.21672548
0.2257745
0.2547301
0.25424933
0.32958293
0.22488727
0.24646506
0.22938898
0.23340839
0.23756604
0.26904425
0.27223393
0.2756994
0.29114017
0.2444363
0.2703977
0.27719805
0.30804175
0.33154675
0.25311825
0.26244992
0.25456974
0.26503718
0.340617
0.24936047
0.2955177
0.30459842
0.26256666
0.26994509
0.2610398
0.2745332
0.24818009
0.30898932
0.26912788
0.28070143
0.2265401
0.27053988
0.28786424
0.2831186
0.26075056
0.26325998
0.21072893
0.29005694
0.29947242
0.27016133
0.23937032
0.26455483
0.28627235
0.24981211
0.2803723
0.26997247
0.3737426
0.24156635
0.26626134
0.28916815
0.2983028
0.24857002
0.2472175
0.2451675
0.34541708
0.23747514
0.2282604
0.29218853
0.3023886
0.23914751
0.2820467
0.24890798
0.3247652
0.24868457
0.2684093
0.241828
0.26888838
0.24583541
0.26480946
0.29280353
0.2384192
0.2429107
0.33623642
0.27525413
0.25517586
0.32148135
0.2766975
0.3308774
0.26964727
0.27736416
0.24948838
0.27668428
0.2811152
0.27469692
0.31677955
0.2405185
0.2353295
0.2692578
0.25940156
0.25113615
0.27831563
0.340394
0.33810595
0.25236845
0.25748664
0.282438
0.28434864
0.28913733
0.28203157
0.3196504
0.26735228
0.28547275
0.2841014
0.36214533
0.30629975
0.25710303
0.32725084
0.26325256
0.2525922
0.26660573
0.26199657
0.30506048
0.21662824
0.24163198
0.30981517
0.26473877
0.3008418
0.29871136
0.21802326
0.25248638
0.30626953
0.2593334
0.25539234
0.25446936
0.28861058
0.2413963
0.2731959
0.28354973
0.23407762
0.26944056
0.2742486
0.29479277
0.27964774
0.24530075
0.25884053
0.2781438
0.2861827
0.30745056
0.26512298
0.26935065
0.28053153
0.27249977
0.2731281
0.2913924
0.2960854
0.27990663
0.2698033
0.25483134
0.24521509
0.2496285
0.25333208
0.20890336
0.27261686
0.22757113
0.2419667
0.22321607
0.25275052
0.2960195
0.31680864
0.26595017
0.28458148
0.32107857
0.22784503
0.2823725
0.25135735
0.27857023
0.24744467
0.25419185
0.25223297
0.3275876
0.23829605
0.2576953
0.24785702
0.3359459
0.27825108
0.2573889
0.24629596
0.2945422
0.26917186
0.2865199
0.31507316
0.24531715
0.2550982
0.24996015
0.24492727
0.24964063
0.25826907
0.26228184
0.3211783
0.2881104
0.26904318
0.26866272
0.22782367
0.29966518
0.2504818
0.27789956
0.25779378
0.22694819
0.24505737
0.2296559
0.29818583
0.2583192
0.24243632
0.27708623
0.27843577
0.2833142
0.25146002
0.24136412
0.2425631
0.25107378
0.24598697
0.23069705
0.31153703
0.2822371
0.33926082
0.26381704
0.25570858
0.26365402
0.32867256
0.23142096
0.28565165
0.2607055
0.26720667
0.23360422
0.30324852
0.3021152
0.30387592
0.28101575
0.24079582
0.23252745
0.21711239
0.24105453
0.2311145
0.25790352
0.22122687
0.25966567
0.24595085
0.29239625
0.26053494
0.30064836
0.27329332
0.30296314
0.27787095
0.2799963
0.24321438
0.30469003
0.2325604
0.30933332
0.27832183
0.29160485
0.38502768
0.23383576
0.21973537
0.24638468
0.23511274
0.26568553
0.23384532
0.2699613
0.25024188
0.23481312
0.279163
0.2995909
0.24832949
0.3265417
0.29912415
0.23702525
0.29318973
0.26620975
0.24716482
0.25473937
0.25141618
0.30962393
0.32012722
0.29343843
0.2621129
0.2491978
0.21381353
0.28545782
0.24072847
0.26810578
0.35903186
0.27628165
0.24344437
0.31116787
0.3139078
0.2574423
0.32381174
0.29946464
0.24181391
0.30425882
0.29227793
0.24278927
0.32537034
0.28715423
0.28678167
0.21024923
0.32222566
0.22688136
0.272493
0.27574554
0.25864524
0.2523935
0.30019364
0.3196042
0.32033098
0.26354325
0.27936032
0.26377305
0.29883984
0.26632902
0.2788145
0.23411007
0.29917195
0.31152558
0.25659272
0.2563194
0.30513084
0.3070935
0.2288992
0.23465042
0.2726992
0.2870691
0.29695454
0.3236913
0.23939857
0.31033432
0.2257351
0.2632643
0.26405352
0.24735038
0.33491617
0.25207397
0.2869271
0.27544641
0.28545284
0.2878729
0.2669167
0.29082263
0.27398902
0.23427762
0.28675
0.26534516
0.2857488
0.23824385
0.2573756
0.25799158
0.26410258
0.2708251
0.28202283
0.31187287
0.2733332
0.2879661
0.27676842
0.25093955
0.26148093
0.30558473
0.25445426
0.3341933
0.24273919
0.2409124
0.29404035
0.28828287
0.2711723
0.24980007
0.28723118
0.2839818
0.22395004
0.280305
0.2097027
0.25573266
0.270223
0.29170874
0.31002527
0.31565556
0.23535849
0.3034577
0.27246544
0.3122982
0.25476208
0.26527447
0.3465847
0.21314591
0.31959808
0.26228428
0.2403271
0.31636736
0.28798676
0.31829748
0.24693881
0.26647308
0.21964958
0.27390623
0.2802009
0.2653121
0.28444153
0.32239744
0.20922887
0.2813511
0.30232537
0.21945785
0.25079763
0.34865856
0.27886793
0.26069418
0.26573476
0.28279388
0.27354035
0.27788547
0.24712883
0.28035676
0.26834127
0.32400745
0.23996681
0.26568553
0.28638732
0.27240416
0.27731493
0.2559121
0.22490212
0.2207192
0.26294246
0.24155809
0.28508016
0.2541282
0.23257624
0.2876921
0.2809852
0.28603888
0.20070232
0.27840108
0.2743949
0.23528089
0.26820123
0.29994673
0.24409467
0.2488846
0.23336694
0.24203098
0.32353878
0.2828399
0.23846169
0.25211495
0.25934666
0.2904701
0.23698132
0.28904203
0.22302607
0.27308056
0.28455186
0.365043
0.2534007
0.2792227
0.25849926
0.26496768
0.33531424
0.22872683
0.2612867
0.25599793
0.2790145
0.31866205
0.24038346
0.25095537
0.26719543
0.26496124
0.2392525
0.24895549
0.24955465
0.28392044
0.29140773
0.25226006
0.24594069
0.30159622
0.2613457
0.22036505
0.2791886
0.28906795
0.22561054
0.22958206
0.26309606
0.29871237
0.3044599
0.31257483
0.24004245
0.24222757
0.25410584
0.26366964
0.23036624
0.30522367
0.26368782
0.25281966
0.24447961
0.2956387
0.23710033
0.2910325
0.25851423
0.30504316
0.23928516
0.2663056
0.22337732
0.24639453
0.23710959
0.2473999
0.32071015
0.21727397
0.2732547
0.27201617
0.25612783
0.24918264
0.2611489
0.25787905
0.22933258
0.3574641
0.25153625
0.27139467
0.28610036
0.28035656
0.26545697
0.261334
0.26862478
0.21717682
0.21171418
0.26464814
0.25406566
0.29004246
0.25535494
0.29981765
0.25196975
0.22269134
0.24632235
0.26084632
0.29581332
0.28606367
0.28715673
0.23116893
0.270566
0.2212807
0.30425707
0.23978578
0.28890166
0.26446277
0.2512666
0.22819513
0.25744432
0.24420668
0.2821762
0.24148704
0.30542454
0.26813927
0.302715
0.24734639
0.29146364
0.2706858
0.24661699
0.30660564
0.31332284
0.28241757
0.22049658
0.24556306
0.23598431
0.2501907
0.2683538
0.24142364
0.25508296
0.23845349
0.27097514
0.29809865
0.28252226
0.2596451
0.23254122
0.2655037
0.23479974
0.2864181
0.27262193
0.26941234
0.24533172
0.2749756
0.28500837
0.26614937
0.26160178
0.32375267
0.26762363
0.25276834
0.24096878
0.27398506
0.28327215
0.27672076
0.26093394
0.30773523
0.25457317
0.3037224
0.24432714
0.2634977
0.25479704
0.26589328
0.24490164
0.29174194
0.34941405
0.2294359
0.25989005
0.2721638
0.2578209
0.23892938
0.26435274
0.3026429
0.2995833
0.29922497
0.22459906
0.27544665
0.2900279
0.2827448
0.26795387
0.2765595
0.26764876
0.25508705
0.28506428
0.2673467
0.22188911
0.27417296
0.29888865
0.33816054
0.24716677
0.33001325
0.2996332
0.23729038
0.24586722
0.31297797
0.22991034
0.2675332
0.26268697
0.2756353
0.23350747
0.29620805
0.3178552
0.32436797
0.2899354
0.33131024
0.27201453
0.2387148
0.26242504
0.41869065
0.29299736
0.26490176
0.2495687
0.22707465
0.25259966
0.24931441
0.3052037
0.24068584
0.21646215
0.27220008
0.3018517
0.35399684
0.27631035
0.25855955
0.245729
0.25456917
0.25144973
0.25838065
0.27346689
0.35447544
0.29710385
0.2978832
0.23444466
0.2579749
0.3094993
0.24205674
0.28470528
0.3060188
0.23971371
0.24466595
0.2049049
0.25394827
0.2818261
0.28637594
0.22055787
0.28738013
0.3032381
0.272717
0.33570555
0.28309265
0.30320296
0.26452944
0.25993133
0.3225882
0.24663295
0.25350356
0.31396556
0.23307024
0.24005896
0.3083472
0.27534825
0.2670349
0.24686226
0.2693127
0.28779387
0.24283947
0.27502093
0.29269132
0.26018044
0.28557
0.24991783
0.31567776
0.24943124
0.22602479
0.22528385
0.210177
0.33262467
0.31725597
0.2754349
0.2666624
0.25049073
0.32462564
0.26568916
0.2338647
0.26075608
0.2451339
0.2574008
0.26345068
0.28025427
0.22321348
0.2997348
0.27873453
0.23703808
0.23247077
0.28554448
0.32258016
0.25889322
0.2824479
0.2478961
0.28762528
0.3088471
0.30412346
0.26641956
0.26141718
0.2563979
0.2461672
0.25368
0.27745816
0.33791307
0.25143924
0.31864142
0.2255935
0.24663886
0.2831847
0.24165587
0.27687722
0.3262604
0.26856732
0.2499306
0.26249444
0.24394529
0.24197535
0.25901634
0.26410294
0.25931692
0.24271463
0.30258003
0.2835043
0.25988403
0.3279933
0.2382923
0.2359678
0.2680495
0.24929044
0.27579722
0.26121333
0.23902744
0.2863167
0.2746282
0.233003
0.2727053
0.32570463
0.2345992
0.2730858
0.2715169
0.30427197
0.2557345
0.3173097
0.27712002
0.26209286
0.23130687
0.32699823
0.20951256
0.24683017
0.26363745
0.31079012
0.306355
0.21434012
0.2611151
0.22838362
0.30016905
0.24965186
0.2463716
0.24349174
0.31184757
0.27578753
0.29076418
0.27844864
0.2339767
0.24159469
0.22292744
0.2543862
0.25951234
0.31669173
0.22477138
0.25054097
0.34649393
0.33351788
0.25941592
0.2979904
0.2535386
0.22059156
0.28891176
0.277302
0.2589755
0.21368957
0.2913021
0.2647731
0.24057688
0.27815363
0.21553412
0.30692947
0.27365878
0.30767667
0.24314164
0.2662448
0.33137527
0.25983584
0.2632399
0.29436535
0.26599637
0.3136407
0.31196696
0.25584733
0.30177838
0.27919623
0.35616854
0.30756027
0.30176774
0.24680796
0.2533704
0.322369
0.25604036
0.23322876
0.2511881
0.23980711
0.27431673
0.23543766
0.2601206
0.21887143
0.25101393
0.26527646
0.31616813
0.3030745
0.26050356
0.28363344
0.280317
0.25876105
0.23492634
0.30307725
0.2635865
0.276144
0.22337289
0.30434617
0.26539916
0.32503518
0.2538271
0.26687157
0.2995597
0.26437306
0.25605014
0.27866712
0.29067215
0.3452003
0.25801998
0.28499016
0.27577442
0.23192221
0.28322893
0.26099092
0.3216909
0.29727957
0.30767408
0.24528472
0.23812526
0.30288792
0.27478442
0.24336188
0.24832909
0.33494008
0.259737
0.2549594
0.271404
0.23438942
0.2258648
0.24701399
0.27468234
0.31384507
0.3007592
0.32407796
0.29661086
0.22850446
0.24853785
0.27675107
0.251223
0.25747022
0.2436637
0.25293145
0.26858336
0.26506573
0.26342443
0.26349452
0.2145927
0.26212955
0.2503722
0.25350273
0.27957997
0.25135815
0.21912155
0.24193716
0.27966782
0.26701573
0.31542596
0.26566753
0.2894244
0.28639108
0.20108758
0.3177091
0.23923926
0.23974422
0.26206422
0.29847503
0.24164936
0.25195372
0.28957832
0.2851565
0.23515418
0.28768358
0.2795532
0.2757005
0.24163882
0.247248
0.3465689
0.26231155
0.26574782
0.30504683
0.26205948
0.2166109
0.25247958
0.27456874
0.31758577
0.29909217
0.23349717
0.25086337
0.27875564
0.30506682
0.30122843
0.27235252
0.25000378
0.2942926
0.26322174
0.24379604
0.25694278
0.25934115
0.2747148
0.22612067
0.23477733
0.21827662
0.26103744
0.22491758
0.2903206
0.33457217
0.26196018
0.27627277
0.21797386
0.22964868
0.28638065
0.25700817
0.2705808
0.25363603
0.30166718
0.2954751
0.21383677
0.26209444
0.33202258
0.22852206
0.2461636
0.2596457
0.28819168
0.25787175
0.2565972
0.26201764
0.28354824
0.27637208
0.30278835
0.28167215
0.2949833
0.31909257
0.30329555
0.29096973
0.29181615
0.24873547
0.34603617
0.22369072
0.24516773
0.26494205
0.22099039
0.22704798
0.26402938
0.24162653
0.27169397
0.21645024
0.2743708
0.23186179
0.25070712
0.24269986
0.23804082
0.25200093
0.30054092
0.2682211
0.24758197
0.28917205
0.28329918
0.26720873
0.26486444
0.3221668
0.32569563
0.26310685
0.28546032
0.30084732
0.25098464
0.2892815
0.2772542
0.29016545
0.26777813
0.26474255
0.24503447
0.3045115
0.24769425
0.31833395
0.28855506
0.24069396
0.2653682
0.32449108
0.29314756
0.32333198
0.23727827
0.24350514
0.3050175
0.30557764
0.3086703
0.24921447
0.25995007
0.22438039
0.23504485
0.28073013
0.30627355
0.26740447
0.261421
0.254644
0.28796244
0.27853164
0.29526818
0.2565227
0.25765488
0.2741631
0.23745789
0.2600664
0.2775305
0.25030476
0.23771633
0.22292987
0.24918057
0.2496167
0.26131395
0.3129197
0.25449306
0.26816112
0.33629832
0.26048574
0.24611144
0.2776093
0.27967522
0.2665505
0.35979226
0.2871346
0.28976762
0.21800438
0.2705699
0.23108894
0.28086632
0.24972773
0.27081656
0.25728437
0.25840667
0.26608124
0.25570083
0.26792407
0.2807696
0.25783408
0.26921278
0.26164153
0.26539263
0.2695301
0.2515453
0.3288967
0.30852368
0.24519788
0.26111025
0.24056418
0.21117227
0.21678431
0.24758744
0.29049426
0.27057832
0.302248
0.23665242
0.23033029
0.26976815
0.25665212
0.276699
0.29443154
0.24077329
0.34433773
0.21352257
0.22992809
0.28209803
0.2784916
0.25696686
0.2862819
0.22175443
0.30054823
0.31782824
0.2653387
0.3085589
0.2704173
0.26812476
0.2234101
0.27929038
0.29997256
0.2682728
0.24599631
0.25298196
0.30281812
0.26628652
0.34363255
0.22734168
0.27271426
0.25796536
0.28246948
0.2643325
0.2396412
0.29931742
0.22121264
0.2693052
0.22094356
0.23468114
0.2569423
0.29256988
0.23929536
0.22448266
0.24818431
0.25340524
0.27719805
0.26834723
0.29945502
0.28544492
0.25638002
0.22053881
0.35652336
0.3013697
0.2701872
0.2715117
0.2679488
0.3166895
0.24154301
0.24418248
0.24397296
0.3183682
0.24543723
0.22721446
0.24513718
0.25051075
0.23791414
0.25409204
0.29677817
0.27906993
0.25469217
0.2913298
0.32397598
0.29989076
0.25778067
0.29313618
0.2338943
0.29716548
0.24766952
0.29659966
0.29767606
0.23978992
0.24698243
0.27949873
0.34643027
0.316132
0.22559799
0.23097934
0.24638495
0.2943824
0.3297615
0.27825364
0.26097286
0.22314498
0.23063076
0.23819128
0.2172468
0.22605008
0.26565933
0.24828786
0.26164207
0.27227122
0.24221173
0.21871121
0.311762
0.22000524
0.2550077
0.2844953
0.24465522
0.2163218
0.26858783
0.23280413
0.29756075
0.2604567
0.2918171
0.29397163
0.22795908
0.23177595
0.2711419
0.31699833
0.24956314
0.2697697
0.27453583
0.22892833
0.2857887
0.29184934
0.33251947
0.31543952
0.2668731
0.2643479
0.24691485
0.23713998
0.2447419
0.25274262
0.25621772
0.2615825
0.22998053
0.32664582
0.30563217
0.23100106
0.27925473
0.23364185
0.34209594
0.26940963
0.22289449
0.29719716
0.26989433
0.26296112
0.25781655
0.3551962
0.25995284
0.22569467
0.2766413
0.24732004
0.2779242
0.28461802
0.22306678
0.27416286
0.29140964
0.2121282
0.26059783
0.30295533
0.284719
0.23806152
0.259031
0.2699393
0.28632572
0.22760114
0.2576304
0.26227784
0.2567168
0.29860395
0.29377875
0.27401865
0.2766553
0.26323456
0.25536516
0.26143563
0.3030653
0.2657279
0.27124012
0.25713104
0.24188471
0.33273882
0.35386524
0.25784063
0.27383518
0.25301918
0.27814537
0.24661258
0.33450654
0.26615375
0.37498328
0.27522686
0.28412136
0.32364509
0.26139733
0.26072183
0.27167124
0.2540343
0.3315808
0.29476157
0.24254565
0.25254595
0.271409
0.30868232
0.27131233
0.23404753
0.22485664
0.30201963
0.23693581
0.24222365
0.32994986
0.2596535
0.3117592
0.2883995
0.225418
0.2633273
0.2736557
0.26370656
0.304952
0.24855232
0.2457437
0.3424204
0.24514653
0.29488456
0.22317778
0.28188258
0.25489673
0.3310908
0.2710584
0.22311689
0.27317074
0.22294536
0.28983322
0.23323426
0.3022303
0.28236422
0.24825782
0.32929888
0.26982772
0.23563246
0.2774477
0.30213982
0.22273344
0.23015453
0.30329788
0.22325389
0.28227687
0.257869
0.23656179
0.26452145
0.2832338
0.25525883
0.27568948
0.2980312
0.22366367
0.27111694
0.3062442
0.37923563
0.24819425
0.22780494
0.3163495
0.2600838
0.27042964
0.21406867
0.36236754
0.23106906
0.2903021
0.21769945
0.23066235
0.2447485
0.32927525
0.27397692
0.3024826
0.21324097
0.2576824
0.29659945
0.23913077
0.25424105
0.2546076
0.2796838
0.28107014
0.27228826
0.25578344
0.2716509
0.24149069
0.23337881
0.26393178
0.36979693
0.282288
0.28014287
0.32158133
0.26692113
0.290992
0.22560865
0.21746944
0.28309968
0.26361725
0.33144867
0.19969529
0.2950368
0.23864602
0.2685978
0.32131955
0.2963749
0.26303384
0.24050961
0.29159138
0.23346823
0.20830117
0.25064015
0.28007683
0.23099145
0.2837209
0.2906228
0.27102715
0.2808249
0.27908432
0.24376072
0.25515273
0.22401035
0.29431546
0.21931645
0.26882258
0.30132782
0.26196295
0.2527796
0.31563014
0.2172952
0.2532531
0.23994166
0.2562048
0.28485745
0.26717824
0.26686496
0.25032738
0.22892807
0.24460037
0.3168266
0.21962784
0.2654674
0.24055083
0.26472297
0.251612
0.251731
0.35631782
0.27085477
0.2808447
0.23014966
0.24487333
0.28265086
0.23300953
0.26972768
0.29569992
0.2967026
0.24823472
0.29712373
0.2467049
0.31256908
0.2826733
0.24159807
0.26102674
0.33578843
0.24768238
0.2960949
0.2651501
0.24906817
0.2960255
0.25769195
0.2997256
0.25119522
0.32161602
0.28127414
0.30183175
0.27876294
0.2392075
0.26768443
0.22811021
0.21532775
0.2761331
0.23316985
0.21457234
0.22993152
0.25176597
0.30374798
0.2858819
0.28778684
0.2708039
0.32165945
0.22410582
0.27654305
0.21707298
0.24686421
0.23558955
0.33753598
0.266326
0.26361704
0.38967928
0.25127387
0.32416221
0.28403527
0.2717511
0.3042426
0.2436569
0.27379084
0.21680151
0.29579663
0.25469917
0.27923605
0.270681
0.26241842
0.2502816
0.26085305
0.22586621
0.25491095
0.21569048
0.3077517
0.30929396
0.28461528
0.26084486
0.23967528
0.2528128
0.27216235
0.26568395
0.27420378
0.23135035
0.2323572
0.2495328
0.28227082
0.3342419
0.21725515
0.28947946
0.24950849
0.2771759
0.32742497
0.25968024
0.24813539
0.31818104
0.2856273
0.25277558
0.25385612
0.3208838
0.27464515
0.28219014
0.25289297
0.30251738
0.27463758
0.24103135
0.26658747
0.22739811
0.29246852
0.2376909
0.30885047
0.2579363
0.23573293
0.28334427
0.25072518
0.21294825
0.25365737
0.21754195
0.27896753
0.3121665
0.25914696
0.3234272
0.24605854
0.25314245
0.2846615
0.26695254
0.26644146
0.2486672
0.24823949
0.2360492
0.23759328
0.21975714
0.23868108
0.27678725
0.24612577
0.32500222
0.26344898
0.24673271
0.20751594
0.25567028
0.22169116
0.26723957
0.28839597
0.31747955
0.34757596
0.25371838
0.27022573
0.25648138
0.23192401
0.27273104
0.31359443
0.2934987
0.27572224
0.24802455
0.2183412
0.2422147
0.33658323
0.2607838
0.27273616
0.27252027
0.2999311
0.28596586
0.2822207
0.32572675
0.2259467
0.30676305
0.32656193
0.30347574
0.2478528
0.24594274
0.30498928
0.28698814
0.23047663
0.266815
0.24556665
0.299893
0.2767794
0.23630463
0.32739648
0.35744527
0.2541235
0.24947643
0.25508916
0.31116733
0.24127443
0.2620844
0.23660052
0.25769526
0.25597563
0.28486374
0.23351541
0.24927446
0.26431343
0.2811293
0.2836685
0.3066822
0.26170817
0.24074908
0.29796073
0.2437034
0.22967355
0.26394233
0.22235219
0.28034386
0.26229045
0.23437051
0.2405542
0.26211122
0.29632935
0.22252347
0.28108883
0.28575918
0.28880912
0.36513433
0.2230577
0.2769872
0.2200818
0.250472
0.26948068
0.24995221
0.23179382
0.22307983
0.28228834
0.28221366
0.26218605
0.24220385
0.26564696
0.22913563
0.23944123
0.2644102
0.23595856
0.35906196
0.27914876
0.2939576
0.2719384
0.2291134
0.27560458
0.26650506
0.24507335
0.3135159
0.2924867
0.2912259
0.26694998
0.27471253
0.25993562
0.24051811
0.24419914
0.26653266
0.26314384
0.22654787
0.2620135
0.2772315
0.31997278
0.22606543
0.2552546
0.29130647
0.26424617
0.3168029
0.2491956
0.28929412
0.2903049
0.31102982
0.2695256
0.2539822
0.291328
0.26410443
0.25102484
0.30824324
0.25330824
0.3417964
0.27528366
0.23942956
0.27836978
0.28608662
0.30678374
0.2694109
0.29264784
0.26170242
0.3057351
0.30365
0.27770215
0.27035117
0.26419246
0.28878218
0.32413682
0.3229101
0.24126288
0.30097836
0.2466221
0.29729268
0.26325077
0.27221763
0.27320704
0.25705352
0.23189262
0.2673594
0.26015052
0.27755165
0.27895457
0.26036942
0.28125933
0.30461076
0.25082177
0.27559176
0.26297808
0.28512987
0.24917512
0.27034786
0.263018
0.33404273
0.33110464
0.2500988
0.25228003
0.2615605
0.25410542
0.24276488
0.28057134
0.299975
0.2743604
0.3129698
0.26724452
0.24601653
0.25119907
0.2915294
0.2726603
0.27447924
0.32997656
0.3113769
0.30529246
0.2546362
0.33051872
0.27328685
0.23616104
0.29272118
0.31240502
0.27505836
0.24420603
0.31355363
0.281473
0.28015158
0.23752238
0.26316997
0.29181653
0.29715994
0.26577976
0.21686856
0.2677447
0.33442146
0.28289765
0.23321772
0.3001355
0.23761882
0.3437104
0.28289363
0.2445481
0.23185278
0.3092721
0.27667245
0.27812222
0.27612048
0.2810958
0.25978357
0.29342693
0.23487543
0.28451774
0.30942684
0.24521863
0.21401978
0.25455967
0.2464105
0.22532168
0.23870857
0.25070146
0.26927686
0.28385723
0.26447466
0.2888463
0.21550855
0.2781372
0.31409946
0.2662258
0.23865856
0.20562455
0.27407923
0.2933886
0.29554075
0.26041096
0.2678191
0.2812257
0.34768727
0.2632555
0.28382063
0.315364
0.31404087
0.31209522
0.25472295
0.26302907
0.24108443
0.28602052
0.251078
0.2999425
